canonical	name	version	type	description	links	publication	download	inst_instr	test	src	os	input_	output	dependencies	documentation	license	termsUse	contribPolicy	authors	repository
targetedretrieval	1	1	1	1	0	1	0	0	0	0	1	0	0	0	1	0	0	0	1	0
htssip	2	1	2	2	1	1	1	0	0	1	1	0	0	0	1	1	0	0	1	0
protein_disorder_predictors	1	0	1	1	0	0	0	0	0	0	1	0	0	0	1	0	0	0	1	0
t-lex	1	0	1	1	0	1	0	1	0	0	1	0	0	0	1	0	0	0	1	0
csm-lig	1	0	1	1	0	1	0	0	0	0	1	0	0	0	0	0	0	0	1	0
pathostat	5	5	5	5	3	4	5	3	0	2	3	0	0	1	3	5	0	0	3	1
biojs-vis-circularnet	1	1	1	1	0	1	0	0	0	0	1	0	0	0	1	0	0	0	1	0
slink	1	0	1	1	0	1	0	0	0	0	1	0	0	0	1	0	0	0	0	0
survcomp	6	6	6	6	4	3	6	3	0	3	3	0	0	1	3	6	0	0	3	1
keeseek	1	1	1	1	0	1	0	0	0	0	1	0	0	0	1	0	0	0	1	0
gcview	1	0	1	1	0	1	0	0	0	0	0	0	0	0	0	0	0	0	0	0
tag-db	1	1	1	1	0	0	0	0	0	0	1	0	0	0	1	0	0	0	0	0
pyviko	1	0	1	1	0	1	0	0	0	0	1	0	0	0	1	1	0	0	1	0
mempype	1	1	1	1	0	1	0	0	0	0	1	1	1	0	1	0	0	0	1	0
ngscheckmate	1	0	1	1	0	1	0	0	0	0	1	0	0	0	1	1	0	0	1	0
multi-q	1	0	1	1	0	1	0	0	0	0	1	0	0	0	1	0	0	0	0	0
gs3	1	1	1	1	0	0	0	0	0	0	1	0	0	0	1	0	0	0	0	0
gbrowse	1	0	1	1	0	1	0	0	0	0	1	0	0	0	1	0	0	0	1	0
hlarestrictor	1	1	1	1	0	1	0	0	0	0	1	1	1	0	1	1	0	0	1	0
rna_movies	1	0	1	1	0	1	0	1	0	0	1	0	0	0	1	0	0	0	1	0
brownian_motion_simulator	1	0	1	1	0	1	0	0	0	0	0	0	0	0	1	0	0	0	0	0
treesim	1	0	1	1	0	1	0	0	0	0	1	0	0	0	1	0	0	0	0	0
biforce_toolbox	1	0	1	1	0	1	0	0	0	0	0	0	0	0	0	0	0	0	0	0
metap	2	2	2	2	0	2	0	0	0	0	2	0	0	0	2	0	0	0	2	0
network_motif_clustering_toolbox	1	1	1	1	0	1	0	0	0	0	1	1	1	0	1	0	0	0	1	0
ensembldb3	1	1	1	1	0	0	0	0	0	0	1	0	0	0	1	0	0	0	1	0
mascotdatfile	1	1	1	1	0	1	0	0	0	0	1	1	1	0	0	0	0	0	1	0
lol	5	5	5	5	2	4	5	3	0	2	3	0	0	1	3	5	0	0	3	1
sadic	1	0	1	1	0	1	0	0	0	0	1	0	0	0	1	0	0	0	0	0
biojs-stat-seqs	1	1	1	1	0	1	0	0	0	0	1	1	1	0	1	1	0	0	1	0
ocsestdb	1	0	1	1	0	1	1	1	0	0	1	0	0	0	1	1	0	0	0	0
snps_go	1	0	1	1	0	1	0	0	0	0	1	0	0	0	1	0	0	0	0	0
cpgplot	2	2	2	2	0	1	1	1	0	0	1	1	2	1	2	1	0	0	1	1
hapi-ur	1	1	1	1	0	1	0	0	0	0	1	0	0	0	0	0	0	0	0	0
oscope	6	6	6	6	3	4	6	3	0	3	3	0	0	1	3	6	0	0	3	1
needle	2	2	2	2	0	1	1	1	1	0	1	2	2	1	2	1	0	0	1	1
treerefiner	1	0	1	1	0	1	0	1	0	0	1	0	0	0	1	0	0	0	0	0
mirz	1	0	1	1	0	1	0	0	0	0	0	0	0	0	0	0	0	0	0	0
camera	9	9	9	9	7	3	9	3	0	6	3	0	0	1	3	9	0	0	3	1
bamm	2	2	2	2	1	1	1	0	0	1	0	0	0	0	1	2	0	0	0	1
marrvel	1	0	1	1	0	1	0	0	0	0	0	0	0	0	1	0	0	0	1	0
sparsedossa	2	2	2	2	0	1	2	2	0	1	2	0	0	1	2	2	0	0	2	1
protonet	1	0	1	1	0	1	0	0	0	0	1	1	1	0	1	0	0	0	1	0
tsema	1	0	1	1	0	1	0	0	0	0	1	0	0	0	1	0	0	0	1	0
umis	8	7	8	8	7	1	8	0	0	7	0	1	1	0	0	8	0	0	1	0
mbinfo	1	1	1	1	0	1	0	0	0	0	0	0	0	0	1	0	0	0	1	0
qiime	3	3	3	3	2	1	2	0	0	2	1	0	0	0	1	2	0	0	1	0
mirtarvis	1	0	1	1	0	1	0	1	0	0	1	0	0	0	1	0	0	0	0	0
edia	1	0	1	1	0	0	0	0	0	0	1	1	1	0	1	0	0	0	1	0
lasv	1	0	1	1	0	1	0	1	0	0	1	0	0	0	1	0	0	0	0	0
trnascanimport	2	2	2	2	0	1	2	2	0	1	2	0	0	1	2	2	0	0	2	1
rhvdm	3	3	3	3	0	3	3	3	0	0	3	0	0	1	3	3	0	0	3	1
molgenis-impute	1	0	1	1	0	1	0	0	0	0	1	0	0	0	1	0	0	0	1	0
emdatabank.org	1	0	1	1	0	1	0	0	0	0	1	0	0	0	0	0	0	0	1	0
pagit	1	0	1	1	0	1	0	0	0	0	1	0	0	0	1	0	0	0	1	0
argot_2.5	1	1	1	1	0	1	0	0	0	0	1	0	0	0	1	0	0	0	1	0
experimenthub	5	5	5	5	2	3	5	3	0	2	3	0	0	1	3	5	0	0	3	1
maxsnippetmodel	1	0	1	1	0	1	0	0	0	0	1	0	0	0	1	1	0	0	1	0
tabhu	1	1	1	1	0	1	0	0	0	0	1	1	1	0	1	0	0	0	1	0
beast	4	3	4	4	2	2	2	1	0	2	1	1	1	0	2	2	0	0	0	0
possum	1	0	1	1	0	1	0	0	0	0	1	0	0	0	1	0	0	0	1	0
conseq	1	0	1	1	0	1	0	0	0	0	1	0	0	0	1	0	0	0	1	0
azahar	1	0	1	1	0	1	0	0	0	0	1	0	0	0	1	0	0	0	1	0
pgca	2	2	2	2	0	2	2	2	0	1	2	0	0	1	2	2	0	0	2	1
piana	1	1	1	1	0	1	0	0	0	0	1	0	0	0	1	0	0	0	1	0
fqduplicate-ip	1	1	1	1	0	1	0	0	0	0	0	1	1	0	0	0	0	0	1	0
cutadapt	14	13	14	14	12	5	12	1	1	12	1	1	1	1	2	13	0	0	1	0
progmap	1	0	1	1	0	1	0	0	0	0	0	0	0	0	0	0	0	0	0	0
rb-pred	1	0	1	1	0	1	0	0	0	0	1	0	0	0	1	0	0	0	1	0
oriogen	1	1	1	1	0	1	0	0	0	0	1	0	0	0	0	0	0	0	0	0
predcsf	1	0	1	1	0	1	0	0	0	0	1	0	0	0	1	0	0	0	0	0
pyfasta	3	1	3	3	1	0	1	0	0	1	2	0	0	0	2	3	0	0	0	0
althapalignr	1	0	1	1	0	1	0	0	0	0	1	0	0	0	1	0	0	0	1	0
foreseqs	1	0	1	1	0	1	0	1	0	0	1	0	0	0	1	0	0	0	0	0
antheprot	1	0	1	1	0	1	0	0	0	0	1	0	0	0	1	0	0	0	1	0
pangea	1	0	1	1	0	1	0	1	0	0	1	0	0	0	1	1	0	0	1	0
iuta	1	0	1	1	0	1	0	0	0	0	1	0	0	0	1	1	0	0	1	0
omssa_parser	2	2	2	2	0	2	0	0	0	0	2	2	2	0	2	0	0	0	2	0
bison	1	0	1	1	0	1	1	0	0	0	1	0	0	0	1	0	0	0	1	0
hobbes	1	0	1	1	0	1	0	1	0	0	1	0	0	0	1	0	0	0	1	0
ambertools	1	0	1	1	0	1	0	0	0	0	1	0	0	0	1	0	0	0	0	0
rci	1	0	1	1	0	1	0	0	0	0	0	0	0	0	0	0	0	0	0	0
jdftx	1	1	1	1	0	1	0	1	0	0	1	0	0	0	1	1	0	0	1	0
ppb	1	0	1	1	0	1	0	0	0	0	1	0	0	0	1	0	0	0	1	0
imod	1	1	1	1	0	1	0	0	0	0	1	0	0	0	1	0	0	0	1	0
pymut	2	2	2	2	0	2	2	0	0	2	2	2	2	0	2	2	0	0	2	2
nnalign	1	1	1	1	0	1	0	0	0	0	1	1	1	0	1	1	0	0	1	0
webmotifs	1	0	1	1	0	1	0	0	0	0	1	0	0	0	1	0	0	0	1	0
cnvrd2	3	3	3	3	1	3	3	3	0	0	3	2	2	1	3	3	0	0	3	1
mude	1	0	1	1	0	1	0	0	0	0	1	0	0	0	1	0	0	0	1	0
viralfusionseq	1	0	1	1	0	1	0	1	0	0	1	0	0	0	1	1	0	0	1	0
gmd	1	1	1	1	0	1	0	0	0	0	1	0	0	0	1	0	0	0	1	0
plgem	6	6	6	6	4	3	6	3	0	3	3	0	0	1	3	6	0	0	3	1
mcsnp	1	1	1	1	0	1	0	0	0	0	1	0	0	0	1	0	0	0	0	0
firedock	1	0	1	1	0	1	0	0	0	0	1	0	0	0	1	0	0	0	1	0
openprimerui	2	2	2	2	0	1	2	2	0	1	2	0	0	1	2	2	0	0	2	1
annotatepeaks-ip	1	1	1	1	0	1	0	0	0	0	1	1	1	0	0	0	0	0	1	0
gk_arrays	1	0	1	1	0	1	0	0	0	0	1	0	0	0	1	1	0	0	1	0
bamsignals	6	6	6	6	3	5	6	3	0	3	3	2	2	1	3	6	0	0	3	1
igrepertoireconstructor	1	0	1	1	0	1	0	1	0	0	1	0	0	0	1	0	0	0	1	0
probed	1	0	1	1	0	1	0	0	0	0	1	0	0	0	1	0	0	0	1	0
cbarbel	1	0	1	1	0	1	0	0	0	0	1	0	0	0	1	0	0	0	1	0
flowrepositoryr	6	6	6	6	3	4	6	3	0	3	3	0	0	1	3	6	0	0	3	1
mzjava	1	0	1	1	0	1	0	1	0	0	1	1	1	0	1	0	0	0	1	0
kb-rank	1	0	1	1	0	1	0	0	0	0	1	1	1	0	1	0	0	0	1	0
spotsegmentation	5	5	5	5	3	4	5	3	0	2	3	0	0	1	3	5	0	0	3	1
apeglm	5	5	5	5	3	2	5	2	0	4	2	0	0	1	2	5	0	0	2	2
nmd_classifier	1	0	1	1	0	1	0	0	0	0	1	0	0	0	0	0	0	0	1	0
ice	1	0	1	1	0	1	0	1	0	0	1	0	0	0	1	0	0	0	1	0
hmmstat_genouest	1	1	1	1	0	1	0	0	0	0	0	0	0	0	1	0	0	0	1	0
snvmix	2	1	2	2	0	1	0	0	0	0	1	1	1	0	2	1	0	0	1	0
w-iq-tree	1	0	1	1	0	1	0	0	0	0	1	0	0	0	1	0	0	0	1	0
semibiomarker	1	0	1	1	0	1	0	0	0	0	1	0	0	0	1	0	0	0	0	0
lncident	1	0	1	1	0	1	0	1	0	0	1	0	0	0	1	1	0	0	1	0
opencmiss	1	0	1	1	0	1	0	0	0	0	1	0	0	0	1	0	0	0	1	0
preopdb	1	0	1	1	0	1	0	0	0	0	1	0	0	0	1	0	0	0	1	0
swiss-2dpage	1	0	1	1	0	1	0	0	0	0	1	1	1	0	1	0	0	0	1	0
aspicdb	1	0	1	1	0	1	0	0	0	0	1	1	1	0	1	0	0	0	1	0
firth_tools	1	0	1	1	0	1	0	0	0	0	1	0	0	0	1	0	0	0	1	0
variobox	1	0	1	1	0	1	0	0	0	0	1	0	0	0	1	0	0	0	0	0
laj_1-ip	1	1	1	1	0	1	0	0	0	0	1	1	1	0	1	0	0	0	1	0
egl_genetics_emvclass	1	0	1	1	0	1	0	0	0	0	1	0	0	0	1	0	0	0	0	0
acde	6	6	6	6	3	4	6	3	0	3	3	0	0	1	3	6	0	0	3	1
rolexa	1	0	1	1	0	1	0	0	0	0	1	0	0	0	1	0	0	0	1	0
rdp	2	1	2	2	1	1	1	1	0	1	1	0	0	0	1	1	0	0	1	0
gap	1	0	1	1	0	1	0	0	0	0	1	0	0	0	1	0	0	0	0	0
xmapbridge	6	6	6	6	4	3	6	3	0	3	3	2	2	1	3	6	0	0	3	1
peptidelocator	1	0	1	1	0	1	0	0	0	0	1	0	0	0	1	0	0	0	1	0
selecton	1	0	1	1	0	1	0	0	0	0	1	0	0	0	1	0	0	0	1	0
irefindex	1	0	1	1	0	1	0	0	0	0	1	0	0	0	1	0	0	0	1	0
pager	1	0	1	1	0	1	0	0	0	0	1	0	0	0	1	0	0	0	1	0
biocor	2	2	2	2	1	1	2	2	0	1	2	0	0	1	2	2	0	0	2	2
predisi	1	0	1	1	0	1	0	0	0	0	1	0	0	0	0	0	0	0	1	0
vogdb	1	0	1	1	0	0	0	0	0	0	1	0	0	0	1	0	0	0	1	0
hapzipper	1	0	1	1	0	1	0	0	0	0	1	0	0	0	1	0	0	0	1	0
guidance2	1	0	1	1	0	1	0	0	0	0	1	0	0	0	1	0	0	0	1	0
ccdigest	1	0	1	1	0	0	0	0	0	0	0	1	1	0	0	0	0	0	1	0
seabed	1	0	1	1	0	0	0	0	0	0	0	0	0	0	0	0	0	0	1	0
barracuda	1	0	1	1	0	1	0	0	0	0	1	0	0	0	0	1	0	0	1	0
pipmaker	1	0	1	1	0	1	0	1	0	0	1	0	0	0	1	0	0	0	1	0
trimal	1	1	1	1	1	1	1	0	0	1	1	1	1	0	1	1	0	0	1	0
netpicorna	1	1	1	1	0	1	0	0	0	0	1	1	1	0	1	1	0	0	1	0
webgivi	1	0	1	1	0	1	0	0	0	0	1	0	0	0	1	1	0	0	1	0
megamerger	2	2	2	2	0	1	1	1	0	0	1	1	2	1	2	1	0	0	1	1
guild	1	1	1	1	0	1	0	0	0	0	1	0	0	0	1	0	0	0	1	0
tag	1	0	1	1	0	1	0	0	0	0	1	0	0	0	1	0	0	0	0	0
gramm-x	1	0	1	1	0	1	0	0	0	0	1	0	0	0	1	0	0	0	1	0
quark	1	0	1	1	0	1	0	0	0	0	1	0	0	0	1	0	0	0	0	0
scry	4	4	4	4	0	0	4	0	0	0	4	4	4	0	4	4	0	0	4	4
mbased	6	6	6	6	3	4	6	3	0	3	3	0	0	1	3	6	0	0	3	1
subwai	1	0	1	1	0	1	0	0	0	0	1	0	0	0	1	0	0	0	0	0
stells	1	0	1	1	0	1	0	0	0	0	1	0	0	0	1	0	0	0	0	0
iqseq	1	0	1	1	0	1	0	0	0	0	1	0	0	0	1	0	0	0	1	0
ogee	1	0	1	1	0	1	0	0	0	0	1	0	0	0	1	0	0	0	1	0
sig2biopax	2	0	2	2	0	2	0	0	0	0	2	0	0	0	2	0	0	0	0	0
logitt	6	6	6	6	4	5	6	3	0	3	3	0	0	1	3	6	0	0	3	1
vivan	1	0	1	1	0	1	0	0	0	0	1	0	0	0	1	0	0	0	1	0
sgseq	6	6	6	6	3	3	6	3	0	3	3	2	2	1	3	6	0	0	3	1
simreg	1	0	1	1	0	1	0	0	0	0	1	0	0	0	1	0	0	0	0	0
exms	1	0	1	1	0	1	0	0	0	0	1	0	0	0	1	0	0	0	0	0
mochiview	1	0	1	1	0	1	0	0	0	0	1	0	0	0	1	0	0	0	1	0
allertop	1	0	1	1	0	1	0	0	0	0	1	0	0	0	1	0	0	0	1	0
flowai	7	7	7	7	4	5	6	4	1	4	3	1	1	2	4	6	0	0	3	1
iview	1	0	1	1	0	1	0	0	0	0	1	0	0	0	1	0	0	0	1	0
carnac	1	0	1	1	0	1	0	0	0	0	1	0	0	0	1	0	0	0	1	0
hipipe	1	0	1	1	0	1	0	0	0	0	1	0	0	0	1	0	0	0	1	0
regent	1	0	1	1	0	1	0	0	0	0	1	0	0	0	1	0	0	0	0	0
svm2crm	3	3	3	3	0	3	3	3	0	0	3	2	2	1	3	3	0	0	3	1
fun	1	0	1	1	0	1	0	0	0	0	1	0	0	0	1	0	0	0	1	0
rnnotator	1	0	1	1	0	1	0	0	0	0	1	0	0	0	1	0	0	0	1	0
rnafdl	1	0	1	1	0	1	0	0	0	0	1	0	0	0	1	0	0	0	0	0
qcut	1	0	1	1	0	1	0	0	0	0	1	0	0	0	1	0	0	0	0	0
annotationforge	8	8	8	8	5	4	8	3	0	5	3	2	2	1	3	8	0	0	3	1
seealso	1	1	1	1	0	1	1	0	0	0	1	0	0	0	1	1	0	0	1	1
acdpretty	1	1	1	1	0	1	1	0	0	0	1	0	0	0	1	1	0	0	1	1
gse	1	0	1	1	0	1	0	0	0	0	1	0	0	0	1	0	0	0	1	0
cnvkit	4	3	4	4	3	2	3	0	0	3	1	0	0	0	1	4	0	0	1	1
hyperdraw	5	5	5	5	2	4	5	3	0	2	3	0	0	1	3	5	0	0	3	1
hgca	1	0	1	1	0	1	0	0	0	0	1	1	1	0	1	0	0	0	1	0
goenrichment	1	1	1	1	0	1	0	1	1	0	0	1	1	1	1	1	0	0	1	0
wavcluster	5	5	5	5	2	3	5	3	0	2	3	2	2	1	3	5	0	0	3	1
scanprosite	1	0	1	1	0	1	0	0	0	0	1	0	0	0	1	0	0	0	1	0
ebcoexpress	4	4	4	4	1	3	4	3	0	1	3	2	2	1	3	4	0	0	3	1
splicedb	1	1	1	1	0	1	0	0	0	0	1	0	0	0	1	0	0	0	0	0
kissde	2	2	2	2	0	1	2	2	0	1	2	0	0	1	2	2	0	0	2	1
lmdme	5	5	5	5	3	3	5	3	0	2	3	0	0	1	3	5	0	0	3	1
tmprime	1	0	1	1	0	1	0	0	0	0	0	0	0	0	0	0	0	0	0	0
astro	1	0	1	1	0	1	0	0	0	0	0	0	0	0	1	0	0	0	1	0
tcgautils	2	2	2	2	0	1	2	2	0	1	2	0	0	1	2	2	0	0	2	2
filter	3	2	3	3	0	2	0	2	2	0	1	2	2	1	2	0	0	0	0	0
ngscopy	3	3	3	3	0	3	3	3	0	0	3	0	0	1	3	3	0	0	3	1
medeller	1	0	1	1	0	1	0	0	0	0	1	0	0	0	1	0	0	0	1	0
epces	1	0	1	1	0	1	0	0	0	0	0	0	0	0	0	0	0	0	0	0
teqc	6	6	6	6	3	4	6	3	0	3	3	0	0	1	3	6	0	0	3	1
satrap	2	2	2	2	1	2	1	1	0	1	1	0	0	0	1	2	0	0	1	0
annotatr	3	3	3	3	0	3	3	3	0	0	3	0	0	1	3	3	0	0	3	1
gothic	6	6	6	6	4	4	6	3	0	4	3	0	0	1	3	6	0	0	3	1
blupf90	1	0	1	1	0	1	0	0	0	0	1	0	0	0	1	1	0	0	0	0
restfulse	2	2	2	2	0	1	2	2	0	1	2	0	0	1	2	2	0	0	2	1
microrpm	1	0	1	1	0	1	0	1	0	0	1	0	0	0	1	0	0	0	1	0
galaxyweb	1	0	1	1	0	1	0	0	0	0	1	0	0	0	1	0	0	0	1	0
cpbayes	1	0	1	1	0	1	0	1	0	0	1	0	0	0	1	0	0	0	1	0
plantpan	1	0	1	1	0	1	0	0	0	0	1	0	0	0	1	0	0	0	0	0
e-rnai	1	0	1	1	0	1	0	0	0	0	1	0	0	0	1	0	0	0	1	0
evinet	1	1	1	1	0	1	0	0	0	0	1	0	0	0	1	0	0	0	0	0
pred-gpcr	1	0	1	1	0	1	0	0	0	0	1	0	0	0	1	0	0	0	1	0
score-seq	1	1	1	1	0	1	0	0	0	0	1	0	0	0	0	0	0	0	0	0
sfa-spa	1	0	1	1	0	1	0	0	0	0	1	0	0	0	1	0	0	0	0	0
cap3seqasyprogram	1	0	1	1	0	1	0	0	0	0	1	0	0	0	1	0	0	0	1	0
mmseq2	1	0	1	1	0	1	0	0	0	0	1	0	0	0	0	1	0	0	1	1
contrail	1	0	1	1	0	1	1	0	0	0	1	0	0	0	1	0	0	0	1	0
falc-loop	1	0	1	1	0	1	0	0	0	0	0	0	0	0	0	0	0	0	0	0
cmr	1	0	1	1	0	1	0	0	0	0	0	0	0	0	1	0	0	0	1	0
agris	1	0	1	1	0	1	0	0	0	0	1	0	0	0	0	0	0	0	1	0
patternexplorer	1	1	1	1	0	1	0	0	0	0	1	1	1	0	1	0	0	0	1	0
croppal	1	0	1	1	0	1	0	0	0	0	1	0	0	0	1	1	0	0	1	0
cpdb	1	1	1	1	0	1	0	0	0	0	1	0	0	0	1	0	0	0	1	0
fastcontact	1	0	1	1	0	1	0	0	0	0	1	0	0	0	1	0	0	0	1	0
seqmule	1	0	1	1	0	1	0	0	0	0	1	0	0	0	1	0	0	0	0	0
platecore	3	3	3	3	1	3	3	3	0	0	3	2	2	1	3	3	0	0	3	1
klifs	4	0	4	4	0	4	0	0	0	0	4	4	4	0	4	0	0	0	4	0
comet_visualisation	1	0	1	1	0	1	0	0	0	0	1	0	0	0	1	0	0	0	1	0
araport	2	0	2	2	0	2	0	0	0	0	2	0	0	0	2	2	0	0	0	2
optimizer	1	0	1	1	0	1	0	1	0	0	1	0	0	0	1	0	0	0	1	0
fusionhunter	1	0	1	1	0	1	0	0	0	0	1	0	0	0	0	1	0	0	1	0
antigenic	2	2	2	2	0	1	1	1	1	0	1	1	2	1	2	1	0	0	1	1
trip	1	0	1	1	0	1	0	0	0	0	1	0	0	0	1	0	0	0	1	0
miamexpress	1	0	1	1	0	1	0	0	0	0	1	0	0	0	1	0	0	0	1	0
wikigene	1	0	1	1	0	1	0	0	0	0	0	0	0	0	0	0	0	0	0	0
scit	1	0	1	1	0	1	0	0	0	0	0	0	0	0	0	0	0	0	0	0
fimpute	1	0	1	1	0	1	0	0	0	0	1	0	0	0	1	1	0	0	0	0
poppunk	2	1	2	2	1	1	2	0	0	1	1	0	0	0	1	2	0	0	0	0
sidirect	1	0	1	1	0	1	0	0	0	0	1	0	0	0	1	0	0	0	1	0
chipseq	7	7	7	7	5	5	7	3	0	5	3	0	0	1	3	7	0	0	3	1
olego	1	0	1	1	0	1	0	0	0	0	1	0	0	0	1	1	0	0	1	0
simcluster	2	0	2	2	0	2	0	0	0	0	2	0	0	0	2	0	0	0	0	0
patient_archive	1	0	1	1	0	1	0	0	0	0	0	0	0	0	1	0	0	0	0	0
imiss	1	1	1	1	0	1	0	1	0	0	1	0	0	0	1	0	0	0	0	0
icm_web	1	0	1	1	0	1	0	0	0	0	1	0	0	0	0	0	0	0	1	0
rsssite	1	0	1	1	0	1	0	0	0	0	1	0	0	0	1	0	0	0	0	0
sim3c	1	0	1	1	0	1	0	0	0	0	1	0	0	0	1	1	0	0	1	0
hyperlasso	1	0	1	1	0	1	0	0	0	0	1	0	0	0	1	0	0	0	0	0
motifviz	1	0	1	1	0	1	0	0	0	0	1	0	0	0	0	0	0	0	1	0
tssar	3	1	3	3	1	2	1	0	0	1	2	0	0	0	2	1	0	0	2	0
irootlab	1	0	1	1	0	1	0	1	0	0	1	0	0	0	1	0	0	0	1	0
moduleorganizer	1	1	1	1	0	1	0	0	0	0	1	0	0	0	1	0	0	0	1	0
symcurv	1	1	1	1	0	1	1	0	0	0	1	1	1	0	1	0	0	0	1	1
proseq	1	1	1	1	0	1	0	0	0	0	1	0	0	0	0	0	0	0	0	0
secisearch3_seblastian	1	1	1	1	0	1	0	0	0	0	1	1	1	0	1	1	0	0	1	0
nmrstarlib	1	0	1	1	0	1	0	0	0	0	1	0	0	0	1	1	0	0	1	0
microrazers	1	0	1	1	0	1	0	0	0	0	1	0	0	0	1	0	0	0	1	0
genesplicer	3	2	3	3	2	1	2	0	0	2	1	0	0	0	0	2	0	0	1	0
nmrnet	1	0	1	1	0	1	0	0	0	0	1	0	0	0	1	0	0	0	1	0
kobamin	1	0	1	1	0	1	0	0	0	0	0	0	0	0	0	0	0	0	0	0
hiannotator	5	5	5	5	2	4	5	3	0	2	3	2	2	1	3	5	0	0	3	1
restricttranscriptlist-ip	1	1	1	1	0	1	0	0	0	0	1	1	1	0	1	0	0	0	1	0
tigr_gene_indices	2	1	2	2	1	1	1	0	0	1	1	0	0	0	1	1	0	0	1	0
biotextquest	1	0	1	1	0	1	0	1	0	0	1	0	0	0	1	0	0	0	1	0
3dnetmod	1	0	1	1	0	1	1	0	0	0	0	1	1	0	1	0	0	0	0	0
sharcgs	1	0	1	1	0	1	0	0	0	0	1	0	0	0	1	0	0	0	0	0
gofuncr	3	3	3	3	1	1	3	2	0	2	2	0	0	1	2	3	0	0	2	2
menu-builder	1	1	1	1	0	0	0	0	0	0	1	0	0	0	1	0	0	0	1	0
tximport	6	6	6	6	4	3	6	3	0	4	3	0	0	1	3	6	0	0	3	1
magicviewer	1	0	1	1	0	1	0	0	0	0	1	0	0	0	1	0	0	0	1	0
psrnatarget	1	0	1	1	0	1	0	0	0	0	1	0	0	0	1	0	0	0	1	0
proteinguru	1	0	1	1	0	0	0	0	0	0	1	0	0	0	1	0	0	0	1	0
streamer	7	7	7	7	4	5	7	3	0	4	3	0	0	1	3	7	0	0	3	1
chebi_ws	1	1	1	1	0	1	0	0	0	0	1	1	1	0	1	0	0	0	1	0
mustguseal	1	0	1	1	0	1	0	0	0	0	1	0	0	0	1	0	0	0	1	0
bestsel	1	0	1	1	0	1	0	0	0	0	1	0	0	0	1	0	0	0	1	0
pcit_r_package	1	1	1	1	0	1	0	1	0	0	1	0	0	0	1	1	0	0	1	1
bcov	2	2	2	2	1	2	1	0	0	1	1	1	1	0	1	1	0	0	1	0
cake	1	0	1	1	0	1	0	1	0	0	1	0	0	0	1	0	0	0	0	0
misfinder	1	0	1	1	0	1	0	0	0	0	1	0	0	0	1	0	0	0	0	0
compss	1	1	1	1	0	1	1	1	0	1	1	1	1	0	1	1	0	0	1	0
isoexpresso	1	0	1	1	0	1	0	0	0	0	1	0	0	0	1	0	0	0	1	0
suprahex	6	6	6	6	4	3	6	3	0	3	3	0	0	1	3	6	0	0	3	1
pathway-pdt	1	0	1	1	0	1	0	0	0	0	1	0	0	0	1	0	0	0	0	0
ribotaper	2	2	2	2	1	2	1	0	0	1	1	1	1	0	1	1	0	0	1	0
ccpromise	3	3	3	3	0	3	3	3	0	0	3	0	0	1	3	3	0	0	3	1
reciprocal_smallest_distance_rsd	1	1	1	1	0	1	1	0	0	0	1	0	0	0	0	1	0	0	1	0
promzea	1	0	1	1	0	1	0	0	0	0	1	0	0	0	1	0	0	0	1	0
pavian	1	0	1	1	0	1	0	1	0	0	1	0	0	0	1	1	0	0	0	0
hlareporter	1	1	1	1	0	1	0	0	0	0	1	0	0	0	0	0	0	0	0	0
infoseq	2	2	2	2	0	1	1	1	0	0	1	1	2	1	2	1	0	0	1	1
local_clustering	1	0	1	1	0	1	0	0	0	0	1	0	0	0	1	0	0	0	1	0
isotopident	1	0	1	1	0	0	0	0	0	0	1	0	0	0	1	0	0	0	1	0
dart	3	3	3	3	0	3	3	3	0	0	3	0	0	1	3	3	0	0	3	1
gmdr	1	1	1	1	0	1	0	1	0	0	1	0	0	0	1	0	0	0	0	0
pydstool	1	1	1	1	0	1	0	0	0	0	1	0	0	0	1	0	0	0	0	1
fractalsim	1	0	1	1	0	1	0	0	0	0	1	0	0	0	0	0	0	0	1	0
supermatcher	2	2	2	2	0	1	1	1	0	0	1	2	2	1	2	1	0	0	1	1
mhcflurry	1	1	1	1	0	1	0	1	0	0	1	0	0	0	1	1	0	0	1	0
annovar_annotate_variation-ip	1	1	1	1	0	1	0	0	0	0	1	1	1	0	1	0	0	0	1	0
cnanorm	7	7	7	7	5	3	7	3	0	4	3	0	0	1	3	7	0	0	3	1
dalilite	1	1	1	1	0	1	0	0	0	0	1	1	1	0	1	0	0	0	1	0
pteros	1	1	1	1	0	1	0	0	0	0	1	0	0	0	1	0	0	0	1	0
bicare	7	7	7	7	5	5	7	3	0	4	3	0	0	1	3	7	0	0	3	1
mutationmotif	1	1	1	1	0	1	0	0	0	0	1	0	0	0	1	0	0	0	1	0
protcid	1	0	1	1	0	1	0	0	0	0	0	0	0	0	1	0	0	0	1	0
fqextract-ip	1	1	1	1	0	1	0	0	0	0	0	1	1	0	0	0	0	0	1	0
heatmaps	5	5	5	5	3	1	5	2	0	4	2	0	0	1	2	5	0	0	2	1
jecho	1	0	1	1	0	1	0	0	0	0	1	0	0	0	1	0	0	0	0	0
snpack	1	1	1	1	0	1	0	0	0	0	1	0	0	0	1	1	0	0	1	0
hapredictor	2	1	2	2	1	1	1	0	0	1	1	0	0	0	1	0	0	0	1	0
webgestalt	1	0	1	1	0	1	0	1	0	0	1	0	0	0	1	0	0	0	1	0
datf	1	0	1	1	0	1	0	0	0	0	1	0	0	0	1	0	0	0	1	0
rosettadock_server	1	0	1	1	0	1	0	0	0	0	1	0	0	0	1	0	0	0	1	0
ratt	1	1	1	1	0	1	0	0	0	0	1	0	0	0	1	0	0	0	0	0
carna	2	2	2	2	1	1	1	0	0	1	1	1	1	0	1	1	0	0	1	0
adherer	1	0	1	1	0	1	0	1	0	0	1	0	0	0	1	0	0	0	1	0
iontree	2	2	2	2	0	2	2	2	0	0	2	0	0	0	2	2	0	0	2	0
stager	2	2	2	2	0	2	2	2	0	1	2	0	0	1	2	2	0	0	2	1
dacsim	1	0	1	1	0	1	0	0	0	0	0	0	0	0	0	0	0	0	1	0
bioecs	1	1	1	1	0	0	0	0	0	0	1	0	0	0	1	0	0	0	1	0
cctop	1	0	1	1	0	1	0	1	0	0	1	0	0	0	1	0	0	0	1	0
genomer	1	1	1	1	0	0	0	0	0	0	1	0	0	0	1	0	0	0	0	0
reaper	2	1	2	2	1	1	1	0	0	1	1	0	0	0	1	2	0	0	1	0
dida	1	0	1	1	0	1	0	0	0	0	1	0	0	0	1	0	0	0	1	0
limmagui	3	3	3	3	1	3	3	3	0	0	3	2	2	1	3	3	0	0	3	1
proclass	1	0	1	1	0	0	0	0	0	0	1	0	0	0	0	0	0	0	0	0
aroma.affymetrix	1	0	1	1	0	1	0	0	0	0	1	0	0	0	1	0	0	0	0	0
partek_genomics_suite	1	0	1	1	0	1	0	0	0	0	1	0	0	0	1	0	0	0	1	0
gepat	1	0	1	1	0	1	0	0	0	0	1	0	0	0	1	0	0	0	0	0
guitar	3	3	3	3	0	3	3	3	0	0	3	2	2	1	3	3	0	0	3	1
nomenclature_ws	1	1	1	1	0	1	0	0	0	0	1	0	0	0	1	0	0	0	1	0
becon	1	0	1	1	0	1	0	0	0	0	1	0	0	0	1	0	0	0	1	0
pronoi	1	0	1	1	0	1	0	0	0	0	1	0	0	0	1	0	0	0	0	0
tmixclust	2	2	2	2	0	1	2	2	0	1	2	0	0	1	2	2	0	0	2	2
clinqc	1	0	1	1	0	1	0	1	0	0	1	0	0	0	1	0	0	0	1	0
picard_bamindexstats-ip	1	1	1	1	0	1	0	0	0	0	1	1	1	0	1	0	0	0	1	0
psrna	1	0	1	1	0	1	0	1	0	0	1	0	0	0	1	0	0	0	0	0
gmata	1	1	1	1	0	1	0	1	0	0	1	0	0	0	1	1	0	0	1	0
sirna_selection	1	0	1	1	0	1	0	0	0	0	1	0	0	0	1	0	0	0	1	0
dama	5	5	5	5	3	4	5	3	0	2	3	0	0	1	3	5	0	0	3	1
intervene	3	3	3	3	2	3	3	0	0	2	2	2	2	0	2	3	0	0	2	0
stampy_indexer-ip	1	1	1	1	0	1	0	0	0	0	1	1	1	0	1	0	0	0	1	0
centrifuge	2	1	2	2	1	2	1	1	0	1	1	0	0	0	1	2	0	0	0	1
hamap	1	0	1	1	0	1	0	0	0	0	1	1	1	0	1	0	0	0	1	0
wmaxc	1	1	1	1	0	1	0	0	0	0	1	0	0	0	1	0	0	0	0	0
conquass	1	1	1	1	0	1	0	0	0	0	1	0	0	0	1	0	0	0	1	0
bionanoanalyst	1	0	1	1	0	1	0	0	0	0	1	0	0	0	1	0	0	0	1	0
affypipe	1	0	1	1	0	1	0	0	0	0	1	0	0	0	1	0	0	0	1	0
falcon	1	0	1	1	0	1	0	0	0	0	1	0	0	0	1	0	0	0	1	0
sczewas	1	0	1	1	0	1	0	0	0	0	1	0	0	0	0	1	0	0	1	0
super-delta	1	0	1	1	0	1	0	0	0	0	1	0	0	0	1	0	0	0	1	0
pez	1	0	1	1	0	1	0	0	0	0	1	0	0	0	1	0	0	0	1	0
fluevidencesynthesis	1	0	1	1	0	1	1	0	0	0	1	1	1	0	1	1	0	0	1	0
famplex	1	0	1	1	0	1	0	0	0	0	1	0	0	0	1	1	0	0	1	0
simplifier	1	0	1	1	0	1	0	0	0	0	1	0	0	0	1	0	0	0	1	0
hgv_codingsnps-ip	1	1	1	1	0	1	0	0	0	0	1	1	1	0	1	0	0	0	1	0
dbgap	1	0	1	1	0	1	0	1	0	0	1	0	0	0	1	0	0	0	1	0
vega	7	7	7	7	4	5	7	3	0	4	3	2	2	1	3	7	0	0	3	1
virusbanker	1	0	1	1	0	1	0	0	0	0	1	0	0	0	1	0	0	0	0	0
pysimm	1	1	1	1	0	1	0	0	0	0	1	0	0	0	1	1	0	0	0	0
specarray	1	0	1	1	0	1	1	0	0	0	1	0	0	0	1	0	0	0	0	0
rstudio	1	0	1	1	0	1	0	0	0	0	1	0	0	0	1	0	0	0	0	0
kappa-view4	1	0	1	1	0	1	0	0	0	0	1	0	0	0	1	0	0	0	1	0
memoir	1	0	1	1	0	1	0	0	0	0	1	0	0	0	1	0	0	0	1	0
rnacop	1	0	1	1	0	1	0	1	0	0	1	0	0	0	1	0	0	0	0	0
xmmol	1	0	1	1	0	1	0	0	0	0	1	0	0	0	1	0	0	0	0	0
gcocoa	1	1	1	1	0	1	1	0	0	0	1	1	1	0	1	0	0	0	1	0
h-clust	1	0	1	1	0	1	0	1	0	0	1	0	0	0	1	0	0	0	1	0
predictsnp2	1	1	1	1	0	1	1	0	0	0	1	1	1	0	1	0	0	0	1	1
nrpspredictor2	1	0	1	1	0	1	0	0	0	0	1	0	0	0	1	0	0	0	1	0
seaview	2	2	2	2	0	2	0	0	0	0	2	2	2	0	2	0	0	0	2	0
matrixcgh	1	1	1	1	0	0	0	0	0	0	1	0	0	0	0	0	0	0	0	0
targetseqview	1	0	1	1	0	1	0	0	0	0	1	0	0	0	1	0	0	0	0	0
nucpred	1	1	1	1	0	1	0	0	0	0	0	1	1	0	0	0	0	0	1	0
biojs-io-gff	1	1	1	1	0	1	0	0	0	0	1	1	1	0	1	1	0	0	1	0
peptideatlas	1	0	1	1	0	1	0	0	0	0	1	1	1	0	1	0	0	0	1	0
popi	1	1	1	1	0	1	0	0	0	0	1	0	0	0	1	0	0	0	0	0
coordinateserver	1	1	1	1	0	0	0	1	0	0	1	1	1	0	1	0	0	0	1	0
godef	1	1	1	1	0	1	1	0	0	0	1	0	0	0	1	1	0	0	1	1
sbpipe	2	1	2	2	1	1	1	0	0	1	1	0	0	0	1	2	0	0	1	0
protael	1	0	1	1	0	1	0	0	0	0	1	0	0	0	1	0	0	0	0	0
phi-base	1	0	1	1	0	1	0	1	0	0	1	0	0	0	1	0	0	0	1	0
rnabindrplus	1	1	1	1	0	1	0	0	0	0	1	0	0	0	1	0	0	0	1	0
drap	1	0	1	1	0	1	0	0	0	0	1	0	0	0	1	1	0	0	1	0
ontoproc	2	2	2	2	0	1	2	2	0	1	2	0	0	1	2	2	0	0	2	1
the_cell_imaglib	1	0	1	1	0	1	0	0	0	0	1	0	0	0	1	0	0	0	1	0
cad-score	2	0	2	2	0	2	0	0	0	0	2	0	0	0	2	0	0	0	0	0
bracken	3	2	3	3	2	2	2	1	0	2	1	0	0	0	1	3	0	0	0	1
repeatanalyzer	1	0	1	1	0	1	0	1	0	0	1	0	0	0	1	1	0	0	1	0
gpu.proton.dock	1	0	1	1	0	1	0	0	0	0	0	0	0	0	0	0	0	0	0	0
rnf	1	0	1	1	0	1	0	0	0	0	1	0	0	0	1	0	0	0	0	0
fastproject	1	0	1	1	0	1	0	0	0	0	1	0	0	0	1	1	0	0	1	0
qvz	1	0	1	1	0	1	0	0	0	0	1	0	0	0	1	0	0	0	0	0
faf-drugs	1	0	1	1	0	1	0	1	0	0	1	0	0	0	1	0	0	0	1	0
gass	1	0	1	1	0	1	0	0	0	0	1	0	0	0	1	0	0	0	0	0
mpiutils	1	1	1	1	0	0	0	0	0	0	1	0	0	0	1	0	0	0	1	0
biopredyn-bench	1	0	1	1	0	1	0	0	0	0	1	0	0	0	1	0	0	0	0	0
psrrr	1	0	1	1	0	1	0	0	0	0	1	0	0	0	1	0	0	0	0	0
motifdetector	1	0	1	1	0	1	0	0	0	0	1	0	0	0	1	0	0	0	1	0
phyml	6	6	6	6	2	5	2	2	1	2	2	2	2	1	3	2	0	0	2	0
ifoldrna	1	0	1	1	0	1	0	0	0	0	0	0	0	0	1	0	0	0	0	0
mwcontam	1	1	1	1	0	1	1	0	0	0	1	1	1	0	1	1	0	0	1	1
synchr	1	0	1	1	0	1	0	0	0	0	1	0	0	0	1	0	0	0	1	0
dsk	2	2	2	2	1	1	1	0	0	1	1	1	1	0	1	2	0	0	1	0
betaturns	1	0	1	1	0	1	0	0	0	0	1	0	0	0	1	0	0	0	1	0
ontocat	2	2	2	2	0	2	2	2	0	0	2	0	0	0	2	2	0	0	2	0
superfamily	1	0	1	1	0	1	0	0	0	0	1	0	0	0	1	0	0	0	1	0
bcbiornaseq	1	1	1	1	0	1	0	0	0	0	1	0	0	0	1	1	0	0	0	1
pdiviz	1	0	1	1	0	1	0	1	0	0	1	0	0	0	1	0	0	0	1	0
hsa	1	0	1	1	0	1	0	1	0	0	1	0	0	0	1	0	0	0	1	0
petalnet	1	0	1	1	0	1	0	0	0	0	1	0	0	0	1	1	0	0	1	0
matrixdb	1	0	1	1	0	1	0	0	0	0	1	0	0	0	1	0	0	0	1	0
oli2go	1	0	1	1	0	1	0	0	0	0	1	1	1	0	1	0	0	0	0	0
metax	1	0	1	1	0	1	0	1	0	0	1	0	0	0	1	1	0	0	1	0
individualizedpath	1	0	1	1	0	1	0	0	0	0	1	0	0	0	1	0	0	0	1	0
getreaddistribution-ip	1	1	1	1	0	1	0	0	0	0	1	1	1	0	1	0	0	0	1	0
m-iolite	4	4	4	4	0	4	4	0	0	0	4	4	4	0	4	4	0	0	4	0
topcons	1	1	1	1	0	1	0	0	0	0	1	1	1	0	1	0	0	0	1	0
unccombo	1	0	1	1	0	1	0	0	0	0	1	0	0	0	1	1	0	0	0	0
setter	1	1	1	1	0	1	0	0	0	0	1	1	1	0	1	0	0	0	1	0
metatasser	1	0	1	1	0	1	0	0	0	0	1	0	0	0	0	0	0	0	0	0
membplugin	2	2	2	2	0	2	0	0	0	0	2	0	0	0	2	2	0	0	2	0
ensembl_genomes_protists_assembly_converter	1	1	1	1	0	1	0	0	0	0	1	1	1	0	1	0	0	0	1	0
gener	1	0	1	1	0	1	0	1	0	0	1	0	0	0	1	0	0	0	0	0
ccmap	3	3	3	3	0	3	3	3	0	0	3	0	0	1	3	3	0	0	3	1
omickriging	1	0	1	1	0	1	0	1	0	0	1	0	0	0	1	0	0	0	1	0
go_term_mapper	1	0	1	1	0	0	0	0	0	0	1	0	0	0	1	0	0	0	0	0
batman	1	0	1	1	0	1	0	0	0	0	0	0	0	0	1	1	0	0	1	0
ngs_simulation-ip	1	1	1	1	0	1	0	0	0	0	1	1	1	0	1	0	0	0	1	0
microinspector	1	0	1	1	0	1	0	0	0	0	0	0	0	0	0	0	0	0	0	0
virtual_ribosome	1	0	1	1	0	1	0	0	0	0	1	0	0	0	1	1	0	0	1	0
assp	1	0	1	1	0	1	0	0	0	0	1	0	0	0	1	0	0	0	1	0
cddb	1	0	1	1	0	1	0	0	0	0	1	0	0	0	1	0	0	0	1	0
peditree	1	0	1	1	0	1	0	0	0	0	1	0	0	0	1	0	0	0	1	0
nomess	1	0	1	1	0	1	0	0	0	0	1	0	0	0	1	0	0	0	1	0
octanol	2	2	2	2	0	1	1	1	0	0	1	1	2	1	2	1	0	0	1	1
physortr	1	1	1	1	0	1	0	1	0	0	1	0	0	0	1	1	0	0	1	0
parties	1	0	1	1	0	1	0	1	0	0	1	0	0	0	1	0	0	0	1	0
mbttest	6	6	6	6	3	4	6	3	0	3	3	0	0	1	3	6	0	0	3	1
synergizer	1	0	1	1	0	1	0	0	0	0	1	0	0	0	1	0	0	0	0	0
circularlogo	1	0	1	1	0	1	0	0	0	0	1	0	0	0	1	0	0	0	1	0
targetprofiler	1	0	1	1	0	1	0	0	0	0	1	0	0	0	1	0	0	0	0	0
almostsignificant	1	0	1	1	0	1	0	0	0	0	1	0	0	0	1	0	0	0	1	0
nest	3	3	3	3	2	2	2	2	0	2	2	0	0	0	2	3	0	0	0	0
metexplore	1	0	1	1	0	1	0	0	0	0	1	0	0	0	1	0	0	0	0	0
imagej_cloudifb	2	2	2	2	0	2	0	2	0	0	2	2	2	0	2	0	0	0	2	0
mayday	1	0	1	1	0	1	0	0	0	0	1	0	0	0	1	0	0	0	1	0
meta-basic	1	0	1	1	0	1	0	0	0	0	1	0	0	0	0	0	0	0	1	0
vismapper	1	0	1	1	0	1	0	0	0	0	1	0	0	0	1	0	0	0	1	0
navigator	1	0	1	1	0	1	0	0	0	0	1	0	0	0	1	0	0	0	1	0
smirnadb	1	0	1	1	0	1	0	0	0	0	1	0	0	0	0	0	0	0	1	0
methylviewer	1	0	1	1	0	1	0	1	0	0	1	0	0	0	1	0	0	0	1	0
omero	1	0	1	1	0	1	0	0	0	0	1	0	0	0	1	0	0	0	0	0
circadiomics	2	0	2	2	0	2	0	0	0	0	0	0	0	0	2	0	0	0	0	0
cydar	2	1	2	2	0	2	2	2	0	0	2	1	1	1	2	2	0	0	2	1
maker	2	1	2	2	1	1	1	1	1	1	1	1	1	1	2	2	0	0	0	0
david_bioinformatics_resources	1	0	1	1	0	1	0	0	0	0	1	0	0	0	1	0	0	0	1	0
splitsource	1	1	1	1	0	1	1	0	0	0	1	1	1	0	1	1	0	0	1	1
descseq	2	2	2	2	0	1	1	1	1	0	1	1	2	1	2	1	0	0	1	1
itar	1	0	1	1	0	1	0	0	0	0	1	0	0	0	1	0	0	0	1	0
pyldm	1	0	1	1	0	1	1	1	0	0	1	1	1	0	1	1	0	0	1	0
clip	2	1	2	2	0	1	0	1	1	0	1	1	1	1	1	0	0	0	1	0
arts_antibiotics	1	0	1	1	0	1	1	0	0	0	1	0	0	0	1	1	0	0	0	1
oligoclasses	6	6	6	6	3	4	6	3	0	3	3	0	0	1	3	6	0	0	3	1
timat2	1	0	1	1	0	0	0	1	0	0	1	0	0	0	1	1	0	0	1	0
popoolation2	1	0	1	1	0	1	0	0	0	0	1	0	0	0	1	0	0	0	1	0
sompnn	1	0	1	1	0	1	0	0	0	0	1	0	0	0	1	0	0	0	0	0
phaedra	1	0	1	1	0	1	0	0	0	0	1	0	0	0	1	1	0	0	1	0
ggost	2	2	2	2	0	2	2	0	0	0	2	2	2	0	2	0	0	0	2	0
countreadgcpercent-ip	1	1	1	1	0	1	0	0	0	0	1	1	1	0	1	0	0	0	1	0
asreml	1	0	1	1	0	1	0	0	0	0	1	0	0	0	1	1	0	0	0	0
angioquant	1	0	1	1	0	1	0	0	0	0	1	0	0	0	1	0	0	0	1	0
genebase	1	1	1	1	0	1	0	1	0	0	1	0	0	0	1	1	0	0	1	0
tma_navigator	1	0	1	1	0	1	0	0	0	0	1	0	0	0	1	0	0	0	1	0
mirnatap	6	6	6	6	3	4	6	3	0	3	3	2	2	1	3	6	0	0	3	1
retrotector	1	1	1	1	0	1	0	0	0	0	1	1	1	0	1	0	0	0	1	0
showseq	1	1	1	1	0	1	1	0	0	0	1	1	1	0	1	1	0	0	1	1
imsdb	1	1	1	1	0	1	0	0	0	0	1	0	0	0	1	0	0	0	1	0
dial	1	0	1	1	0	1	0	0	0	0	1	0	0	0	1	1	0	0	1	0
klab-pcr	1	0	1	1	0	1	0	0	0	0	1	0	0	0	1	0	0	0	1	0
dupchecker	5	5	5	5	2	3	5	3	0	2	3	0	0	1	3	5	0	0	3	1
rxnorm_api	1	1	1	1	0	0	0	0	0	0	0	0	0	0	1	0	0	0	1	0
mutascope	1	0	1	1	0	0	0	0	0	0	1	0	0	0	1	0	0	0	1	0
matrix2png	1	0	1	1	0	1	0	0	0	0	1	0	0	0	1	0	0	0	1	0
ohana	1	0	1	1	0	1	0	0	0	0	1	0	0	0	1	0	0	0	1	0
seqretsplit	1	1	1	1	0	1	1	0	0	0	1	1	1	0	1	1	0	0	1	1
tipmt	1	0	1	1	0	1	0	1	0	0	1	0	0	0	1	0	0	0	1	0
peakfinder	1	1	1	1	0	1	0	1	0	0	1	0	0	0	1	0	0	0	0	0
rvsharing	1	0	1	1	0	1	0	0	0	0	1	0	0	0	1	0	0	0	0	0
pcxn	1	0	1	1	0	1	0	1	0	0	1	0	0	0	1	0	0	0	1	0
lncrnator	1	0	1	1	0	1	0	0	0	0	1	0	0	0	1	0	0	0	0	0
boxshade	1	0	1	1	0	1	0	0	0	0	1	0	0	0	1	0	0	0	1	0
mitoprot_ii	1	0	1	1	0	1	0	0	0	0	1	0	0	0	1	0	0	0	1	0
focus-point	1	0	1	1	0	1	0	0	0	0	1	0	0	0	1	0	0	0	0	0
consensus	2	1	2	2	0	2	0	1	1	0	1	1	1	1	2	0	0	0	1	0
csdeconv	1	1	1	1	0	1	0	0	0	0	1	0	0	0	0	0	0	0	0	0
gell	1	0	1	1	0	1	0	0	0	0	1	0	0	0	1	0	0	0	0	0
angle	1	0	1	1	0	1	0	0	0	0	1	0	0	0	1	0	0	0	1	0
picardasmetrics-ip	1	1	1	1	0	1	0	0	0	0	1	1	1	0	1	0	0	0	1	0
sable	1	0	1	1	0	1	0	0	0	0	1	0	0	0	1	0	0	0	0	0
mdts	2	2	2	2	0	2	2	2	0	1	2	0	0	1	2	2	0	0	2	2
dose	8	8	8	8	6	3	8	3	0	5	3	2	2	1	3	8	0	0	3	1
wlake	1	0	1	1	0	1	0	0	0	0	1	0	0	0	1	0	0	0	0	0
peaks_db	1	0	1	1	0	1	0	0	0	0	0	0	0	0	0	0	0	0	0	0
snptree	1	1	1	1	0	1	0	0	0	0	1	1	1	0	1	1	0	0	1	0
vishic	1	0	1	1	0	1	0	0	0	0	1	0	0	0	0	0	0	0	1	0
medlineranker	1	0	1	1	0	1	0	0	0	0	1	0	0	0	1	0	0	0	1	0
interactiverosetta	1	0	1	1	0	1	0	0	0	0	1	0	0	0	1	0	0	0	1	0
locp	1	0	1	1	0	1	0	1	0	0	1	0	0	0	1	0	0	0	1	0
mutalisk	1	0	1	1	0	1	0	0	0	0	1	0	0	0	1	0	0	0	1	0
autoassemblyd	1	0	1	1	0	1	0	1	0	0	1	0	0	0	1	0	0	0	0	0
mgclus	1	0	1	1	0	1	0	0	0	0	1	0	0	0	1	0	0	0	1	0
phyml_oneclick-ip	1	1	1	1	0	1	0	0	0	0	0	1	1	0	0	0	0	0	1	0
blast2go	3	1	3	3	0	3	0	1	1	0	2	3	3	1	3	0	0	0	0	0
pharmacogx	3	3	3	3	0	3	3	3	0	0	3	0	0	1	3	3	0	0	3	1
wheat_zapper	1	0	1	1	0	1	0	0	0	0	1	0	0	0	1	0	0	0	0	0
rrdp	6	6	6	6	3	4	6	3	0	3	3	0	0	1	3	6	0	0	3	1
jackstraw	1	1	1	1	0	1	0	1	0	0	1	0	0	0	1	0	0	0	1	0
xquest	1	0	1	1	0	1	0	0	0	0	1	0	0	0	1	0	0	0	0	0
rubioseq	2	2	2	2	0	2	0	0	0	0	2	0	0	0	2	0	0	0	2	0
ngmlr	2	1	2	2	1	1	2	0	0	1	1	1	1	0	1	2	0	0	1	0
swiss-model_workspace	1	1	1	1	0	1	0	0	0	0	1	1	1	0	1	0	0	0	1	0
poets	1	0	1	1	0	1	0	0	0	0	1	0	0	0	1	0	0	0	1	0
mdcs	1	0	1	1	0	1	0	0	0	0	1	0	0	0	1	0	0	0	0	0
brisskit	5	0	5	5	0	5	0	0	0	0	5	0	0	0	5	0	0	0	5	5
isoformswitchanalyzer	3	2	3	3	2	3	2	1	0	2	1	0	0	0	1	3	0	0	1	1
seqware	3	3	3	3	0	3	0	0	0	0	3	0	0	0	3	3	0	0	3	0
gsreg	6	6	6	6	3	5	6	3	0	3	3	0	0	1	3	6	0	0	3	1
seed	1	0	1	1	0	1	0	0	0	0	1	0	0	0	1	0	0	0	1	0
grok	1	0	1	1	0	1	0	1	0	0	1	0	0	0	1	0	0	0	1	0
igv	3	2	3	3	2	1	2	0	0	2	1	0	0	0	1	3	0	0	1	0
gmm	1	0	1	1	0	0	0	0	0	0	1	0	0	0	1	0	0	0	1	0
ramigo	6	6	6	6	3	3	5	3	0	3	3	0	0	1	3	6	0	0	3	1
freec	2	1	2	2	1	1	1	1	0	1	1	0	0	0	1	1	0	0	1	0
dnatools	1	0	1	1	0	1	0	0	0	0	0	0	0	0	0	0	0	0	0	0
rbrident	1	0	1	1	0	1	0	0	0	0	1	0	0	0	1	0	0	0	0	0
biocinstaller	9	9	9	9	7	5	9	3	0	7	3	0	0	1	3	9	0	0	3	1
twilight	7	7	7	7	5	5	7	3	0	4	3	0	0	1	3	7	0	0	3	1
itol	1	1	1	1	0	1	0	1	0	0	1	1	1	0	1	0	0	0	1	0
reporter	1	1	1	1	0	0	0	0	0	0	1	1	1	0	1	0	0	0	1	0
traitar	1	0	1	1	0	1	0	0	0	0	1	0	0	0	1	1	0	0	1	0
heteromirpred	1	1	1	1	0	1	0	0	0	0	1	1	1	0	1	0	0	0	1	0
sweepfinder	1	0	1	1	0	1	0	0	0	0	1	0	0	0	1	1	0	0	0	0
semgen	1	0	1	1	0	1	0	0	0	0	1	0	0	0	1	0	0	0	0	0
pcagopromoter	5	5	5	5	2	3	5	3	0	2	3	0	0	1	3	5	0	0	3	1
spp	4	3	4	4	1	2	1	2	0	1	1	2	2	1	3	2	0	0	1	0
rsamtools	9	9	9	9	8	5	9	3	0	7	3	2	2	1	3	9	0	0	3	1
animal_tfdb	1	0	1	1	0	1	0	0	0	0	1	0	0	0	1	0	0	0	1	0
miso	1	0	1	1	0	1	0	0	0	0	1	0	0	0	1	0	0	0	1	0
caspr	1	0	1	1	0	1	0	0	0	0	0	0	0	0	0	0	0	0	0	0
pesi_ws	1	1	1	1	0	1	0	0	0	0	1	0	0	0	1	0	0	0	1	0
cosnet	4	4	4	4	2	3	4	3	0	1	3	0	0	0	3	4	0	0	3	1
eurocarbdb	1	0	1	1	0	1	0	0	0	0	1	0	0	0	1	0	0	0	1	0
ms2preproc	1	0	1	1	0	1	0	0	0	0	1	0	0	0	1	0	0	0	0	0
repfdr	1	0	1	1	0	1	0	0	0	0	1	0	0	0	1	0	0	0	0	0
masshunter_file_reader	1	0	1	1	0	0	0	0	0	0	1	0	0	0	1	0	0	0	0	0
dynamine	2	2	2	2	0	2	0	0	0	0	2	2	2	0	2	0	0	0	2	0
bioextract	1	0	1	1	0	1	0	0	0	0	1	0	0	0	1	0	0	0	1	0
sculptor	1	1	1	1	0	1	0	0	0	0	1	0	0	0	1	0	0	0	0	0
biocworkflowtools	3	3	3	3	3	0	3	0	0	3	1	0	0	0	1	3	0	0	1	0
sdse	1	0	1	1	0	1	0	0	0	0	1	0	0	0	1	0	0	0	0	0
crisp	1	0	1	1	0	1	0	0	0	0	0	0	0	0	1	0	0	0	1	0
mctbi	1	0	1	1	0	1	0	0	0	0	0	0	0	0	1	0	0	0	1	0
diamond	5	4	5	5	3	3	3	3	1	3	1	2	2	2	3	4	0	0	0	1
dexseq	9	9	9	9	6	4	8	4	1	6	3	1	1	2	4	8	0	0	3	1
codon_usage_database	1	0	1	1	0	1	0	0	0	0	1	0	0	0	1	0	0	0	0	0
mmssimilarity	1	1	1	1	0	0	0	0	0	0	1	0	0	0	0	0	0	0	1	0
ftmap	1	0	1	1	0	1	0	0	0	0	1	0	0	0	1	0	0	0	1	0
phylotrack	1	0	1	1	0	1	0	0	0	0	1	0	0	0	1	0	0	0	0	0
mutualfold	1	0	1	1	0	1	0	0	0	0	1	0	0	0	1	0	0	0	1	0
typeinfo	3	3	3	3	0	3	3	3	0	0	3	0	0	1	3	3	0	0	3	1
kallisto	5	4	5	5	4	4	4	2	0	4	1	0	1	1	2	5	0	0	0	0
simassemblystage1	1	0	1	1	0	0	0	0	0	0	1	0	0	0	0	0	0	0	0	0
multiphen	1	0	1	1	0	1	0	1	0	0	1	0	0	0	1	0	0	0	1	0
seqsite	1	0	1	1	0	1	0	0	0	0	1	0	0	0	0	1	0	0	1	0
vdjseq-solver	1	0	1	1	0	1	0	1	0	0	1	0	0	0	1	0	0	0	0	0
gcmapweb	3	3	3	3	0	3	3	3	0	0	3	0	0	1	3	3	0	0	3	1
match	3	1	3	3	0	1	0	1	0	0	1	1	1	0	2	0	0	0	1	0
variationget	1	1	1	1	0	1	1	0	0	0	1	1	1	0	1	1	0	0	1	1
trumpet	1	1	1	1	0	1	0	0	0	0	1	0	0	0	1	1	0	0	1	0
normalyzerde	1	0	0	1	0	1	0	0	0	0	0	0	0	0	0	0	0	0	0	1
msi	1	0	1	1	0	1	0	0	0	0	1	0	0	0	1	0	0	0	1	0
omics_integrator	1	0	1	1	0	1	0	0	0	0	1	0	0	0	1	0	0	0	0	0
ncrnawsdl	1	1	1	1	0	1	0	0	0	0	1	0	0	0	1	0	0	0	1	0
subjunc	1	0	1	1	0	1	0	0	0	0	1	0	0	0	1	0	0	0	1	0
genefizz	1	0	1	1	0	1	0	0	0	0	0	0	0	0	0	0	0	0	0	0
memsat-svm	1	1	1	1	0	1	0	0	0	0	1	0	0	0	1	0	0	0	0	0
snpalyze	1	0	1	1	0	1	0	0	0	0	1	0	0	0	1	0	0	0	0	0
rna-express	1	0	1	1	0	1	0	0	0	0	1	0	0	0	1	0	0	0	0	0
melanie	1	1	1	1	0	1	0	0	0	0	1	1	1	0	1	0	0	0	1	0
bagel2	1	0	1	1	0	1	0	0	0	0	0	0	0	0	0	0	0	0	1	0
vgo	1	1	1	1	0	1	0	0	0	0	1	0	0	0	1	0	0	0	0	0
prex	1	0	1	1	0	1	0	0	0	0	1	0	0	0	0	0	0	0	1	0
protfun	2	2	2	2	0	2	0	0	0	0	2	2	2	0	2	2	0	0	2	0
snoopcgh_beta	1	0	1	1	0	1	0	1	0	0	1	0	0	0	1	0	0	0	0	0
pubtator	1	0	1	1	0	1	0	0	0	0	1	0	0	0	1	0	0	0	1	0
soapsv	1	0	1	1	0	1	0	0	0	0	1	0	0	0	1	1	0	0	0	0
snpmasker	1	1	1	1	0	1	0	0	0	0	1	1	1	0	1	0	0	0	1	0
splicingcompass	1	0	1	1	0	1	0	0	0	0	1	0	0	0	1	0	0	0	0	0
jesam	1	0	1	1	0	1	0	0	0	0	1	0	0	0	1	0	0	0	0	0
gennon-h	1	1	1	1	0	1	1	0	0	0	0	1	1	0	0	1	0	0	1	0
pmdb	1	0	1	1	0	1	0	0	0	0	1	0	0	0	1	0	0	0	1	0
copub	1	0	1	1	0	1	0	0	0	0	0	0	0	0	0	0	0	0	0	0
mysyntenyportal	2	0	2	2	0	2	0	0	0	0	2	0	0	0	2	2	0	0	2	0
looping	1	0	1	1	0	1	0	1	0	0	1	0	0	0	1	0	0	0	0	0
click2drug	1	0	1	1	0	0	0	0	0	0	1	0	0	0	1	0	0	0	1	0
sewer	1	0	1	1	0	1	0	0	0	0	1	0	0	0	0	0	0	0	1	0
salmobase	1	0	1	1	0	1	0	0	0	0	1	1	1	0	1	0	0	0	1	0
netcglyc	2	2	2	2	0	2	0	0	0	0	2	2	2	0	2	2	0	0	2	0
isee	3	3	3	3	2	2	3	2	0	2	2	0	0	1	2	3	0	0	2	1
volarea	1	0	1	1	0	1	0	0	0	0	1	0	0	0	1	0	0	0	0	0
zclass	1	0	1	1	0	1	0	0	0	0	1	0	0	0	1	0	0	0	0	0
picardinsertsize-ip	1	1	1	1	0	1	0	0	0	0	1	1	1	0	1	0	0	0	1	0
race	1	0	1	1	0	1	0	0	0	0	0	0	0	0	0	0	0	0	0	0
europepmc_api	1	1	1	1	0	0	0	0	0	0	1	0	0	0	1	0	0	0	1	0
mwastools	4	3	4	4	2	2	3	2	0	2	2	0	0	1	2	3	0	0	2	1
superhirn	1	1	1	1	0	1	0	0	0	0	1	0	0	0	1	0	0	0	0	0
tango	1	0	1	1	0	1	0	0	0	0	1	0	0	0	1	0	0	0	0	0
lsd	2	1	2	2	1	1	1	0	0	1	1	0	0	0	1	1	0	0	1	0
mmmdb	1	0	1	1	0	1	0	0	0	0	1	0	0	0	1	0	0	0	1	0
optflux	1	0	1	1	0	1	0	0	0	0	1	0	0	0	1	0	0	0	1	0
drvm	1	0	1	1	0	1	0	0	0	0	0	0	0	0	1	1	0	0	1	0
qseq2fastq	1	1	1	1	0	0	0	0	0	0	1	0	0	0	1	0	0	0	0	0
orcom	1	0	1	1	0	1	0	0	0	0	1	0	0	0	1	0	0	0	0	0
t-rmsd	2	0	2	2	0	2	0	0	0	0	2	0	0	0	2	0	0	0	2	0
freak	2	2	2	2	0	1	1	1	1	0	1	1	2	1	2	1	0	0	1	1
pints	1	0	1	1	0	1	0	0	0	0	1	0	0	0	1	0	0	0	1	0
causaltrail	2	0	2	2	0	2	0	0	0	0	0	2	2	0	0	2	0	0	0	0
beam	1	0	1	1	0	1	0	0	0	0	1	0	0	0	1	0	0	0	1	0
remodiscovery	1	1	1	1	0	1	0	0	0	0	1	1	1	0	1	0	0	0	1	0
masqot-gui	1	0	1	1	0	1	0	0	0	0	1	0	0	0	1	0	0	0	0	0
condor	2	2	2	2	0	2	0	0	0	0	2	0	0	0	2	2	0	0	2	0
mapview	1	0	1	1	0	1	0	0	0	0	1	0	0	0	0	0	0	0	1	0
online_sbml_validator	1	1	1	1	0	0	0	0	0	0	1	0	0	0	1	0	0	0	1	0
histome	1	0	1	1	0	1	0	1	0	0	1	0	0	0	1	0	0	0	1	0
cgbayesnets	1	0	1	1	0	1	0	0	0	0	1	0	0	0	1	0	0	0	1	0
axima2analyze	1	0	1	1	0	0	0	0	0	0	0	0	0	0	0	0	0	0	0	0
crisprfinder	1	0	1	1	0	1	0	0	0	0	0	0	0	0	0	0	0	0	0	0
bprompt	1	0	1	1	0	1	0	0	0	0	1	0	0	0	0	0	0	0	1	0
nlr-parser	1	0	1	1	0	1	0	0	0	0	1	0	0	0	1	0	0	0	1	0
gdtools_annotate-ip	1	1	1	1	0	1	0	0	0	0	1	1	1	0	1	0	0	0	1	0
mcpep	1	1	1	1	0	1	0	0	0	0	1	0	0	0	1	0	0	0	1	0
ensembl_genomes_bacteria_id_history_converter	1	1	1	1	0	1	0	0	0	0	1	1	1	0	1	0	0	0	1	0
asap	3	3	3	3	0	3	0	0	0	0	3	3	3	0	3	3	0	0	3	0
lemons	1	0	1	1	0	1	0	0	0	0	1	0	0	0	1	0	0	0	1	0
metal	1	0	1	1	0	1	0	0	0	0	1	0	0	0	1	1	0	0	0	0
leon	1	1	1	1	0	1	0	0	0	0	1	1	1	0	1	0	0	0	1	0
pathpred	1	0	1	1	0	1	0	0	0	0	1	0	0	0	1	0	0	0	1	0
morpheus	4	3	4	4	2	2	3	1	1	2	0	1	1	1	2	3	0	0	1	1
biojava	1	0	1	1	0	1	0	0	0	0	0	0	0	0	1	1	0	0	1	0
fantom_funannotmouse	1	0	1	1	0	1	0	0	0	0	0	0	0	0	1	0	0	0	1	0
hmoment	2	2	2	2	0	1	1	1	1	0	1	1	2	1	2	1	0	0	1	1
gflasso	1	0	1	1	0	1	0	0	0	0	1	0	0	0	1	0	0	0	0	0
andom	1	0	1	1	0	1	0	0	0	0	1	0	0	0	1	0	0	0	1	0
ihs	1	0	1	1	0	1	0	0	0	0	1	0	0	0	1	1	0	0	1	0
lxtoo	1	0	1	1	0	1	0	0	0	0	1	0	0	0	1	0	0	0	0	0
msaviewer	1	1	1	1	0	1	1	0	0	0	1	1	1	0	1	1	0	0	1	1
nrg-cing	1	0	1	1	0	1	0	0	0	0	0	0	0	0	0	0	0	0	1	0
qubic	4	4	4	4	2	3	4	3	0	1	3	0	0	1	3	4	0	0	3	1
unimog	1	0	1	1	0	1	0	1	0	0	1	0	0	0	1	0	0	0	0	0
r2_hat	1	1	1	1	0	0	0	0	0	0	1	0	0	0	0	0	0	0	0	0
flower	1	0	1	1	0	1	0	0	0	0	1	0	0	0	1	0	0	0	1	0
printsextract	1	1	1	1	0	1	1	0	0	0	1	1	1	0	1	1	0	0	1	1
stego	1	0	1	1	0	1	0	0	0	0	1	0	0	0	1	0	0	0	1	0
kaiju	5	5	5	5	4	3	5	0	0	3	2	2	2	0	2	5	0	0	2	3
binche	1	1	1	1	0	1	0	0	0	0	1	1	1	0	1	0	0	0	1	0
cynetsvm	1	0	1	1	0	1	0	0	0	0	1	0	0	0	1	0	0	0	1	0
phylo	1	0	1	1	0	1	0	0	0	0	1	0	0	0	1	0	0	0	0	0
quantum.ligand.dock	1	0	1	1	0	1	0	0	0	0	0	0	0	0	0	0	0	0	0	0
msviz	2	2	2	2	0	2	2	2	0	0	2	0	0	0	2	2	0	0	2	2
biotapestry	1	0	1	1	0	1	0	0	0	0	1	0	0	0	1	0	0	0	0	0
findbase	1	0	1	1	0	1	0	0	0	0	1	0	0	0	1	0	0	0	1	0
sevenc	2	2	2	2	1	2	2	2	0	1	2	0	0	1	2	2	0	0	2	1
netsurfp	2	2	2	2	0	2	0	0	0	0	2	2	2	0	2	2	0	0	2	0
cuda-sim	1	1	1	1	0	1	0	0	0	0	1	0	0	0	1	0	0	0	0	0
ggbio	9	9	9	9	8	3	9	3	0	7	3	0	0	1	3	9	0	0	3	1
spot-struct-rna	1	0	1	1	0	1	0	0	0	0	1	0	0	0	0	0	0	0	0	0
annotationhub	6	6	6	6	4	4	6	3	0	4	3	0	0	1	3	6	0	0	3	1
ancestor	1	0	1	1	0	1	0	0	0	0	1	0	0	0	1	0	0	0	1	0
e-scape	1	0	1	1	0	1	0	0	0	0	1	0	0	0	0	1	0	0	1	0
dnas	1	1	1	1	0	1	0	1	0	0	1	1	1	0	1	0	0	0	1	0
gapit	1	0	1	1	0	1	0	0	0	0	1	0	0	0	1	1	0	0	0	0
qtmodel	1	0	1	1	0	1	0	0	0	0	1	0	0	0	1	0	0	0	0	0
brockman	2	0	2	2	0	2	0	0	0	0	2	0	0	0	2	0	0	0	2	0
mimeanto	1	0	1	1	0	1	0	1	0	0	1	0	0	0	1	0	0	0	1	0
msgfplus	3	3	3	3	0	3	3	3	0	0	3	0	0	1	3	3	0	0	3	1
cwords	2	2	2	2	0	2	0	0	0	0	2	0	0	0	2	0	0	0	2	0
autophylo	1	1	1	1	0	0	0	0	0	0	1	1	1	0	1	0	0	0	1	0
admetlab	1	0	1	1	0	1	0	0	0	0	1	0	0	0	1	0	0	0	1	0
catapult	1	0	1	1	0	1	0	0	0	0	1	0	0	0	1	0	0	0	1	0
spindel_workbench	1	0	1	1	0	1	0	0	0	0	1	0	0	0	1	0	0	0	1	0
fluxpyt	1	0	1	1	0	1	0	0	0	0	1	0	0	0	0	0	0	0	1	0
branchpointer	2	2	2	2	0	2	1	1	0	0	2	0	0	1	2	2	0	0	2	1
colombo	1	1	1	1	0	1	0	0	0	0	1	0	0	0	1	0	0	0	0	0
radtyping	1	1	1	1	0	1	0	0	0	0	1	0	0	0	1	0	0	0	0	0
locarna-p	2	2	2	2	2	1	2	0	0	2	1	1	1	0	1	2	0	0	1	0
hervd	2	0	2	2	0	2	0	2	0	0	2	2	2	0	2	2	0	0	2	0
targetmine	1	1	1	1	0	1	0	1	0	0	1	0	0	0	1	0	0	0	0	0
vectornti	1	0	1	1	0	1	0	0	0	0	1	0	0	0	1	0	0	0	1	0
coprarna	2	2	2	2	1	1	1	0	0	1	1	1	1	0	1	1	0	0	1	0
pocketanalyzerpca	1	0	1	1	0	1	0	0	0	0	1	0	0	0	1	0	0	0	0	0
goname	1	1	1	1	0	1	1	0	0	0	1	0	0	0	1	1	0	0	1	1
xispec	2	0	2	2	0	2	0	0	0	0	0	0	0	0	2	2	0	0	2	2
diffustats	4	3	4	4	2	4	3	1	0	2	1	1	1	1	1	4	0	0	2	1
lipid_data_analyzer_lda	1	0	1	1	0	1	1	1	0	0	1	1	1	0	1	1	0	0	1	0
chaos_dialign_www_server	1	0	1	1	0	1	0	0	0	0	1	0	0	0	1	0	0	0	1	0
seqfire	1	0	1	1	0	1	0	0	0	0	1	0	0	0	1	0	0	0	1	0
grouper	1	0	1	1	0	1	0	0	0	0	1	0	0	0	1	0	0	0	1	0
gunifrac	1	0	1	1	0	1	0	1	0	0	1	0	0	0	1	0	0	0	1	0
sdmtoolbox	1	1	1	1	0	1	0	0	0	0	1	0	0	0	1	0	0	0	1	0
phd-snp	1	1	1	1	0	1	0	0	0	0	1	1	1	0	1	0	0	0	1	0
denovo_pipeline	1	1	1	1	0	0	0	0	0	0	1	0	0	0	1	0	0	0	0	0
g-links	1	0	1	1	0	1	0	0	0	0	1	0	0	0	1	1	0	0	1	1
clumpak	1	0	1	1	0	1	0	0	0	0	1	0	0	0	1	1	0	0	0	0
vampire	1	0	1	1	0	1	0	0	0	0	1	0	0	0	0	0	0	0	1	0
runsbml	1	1	1	1	0	0	0	0	0	0	1	0	0	0	0	0	0	0	0	0
sicer	3	2	3	3	1	2	1	1	1	1	1	1	1	1	2	1	0	0	1	0
lise	1	0	1	1	0	1	0	0	0	0	1	0	0	0	1	0	0	0	1	0
cabernet	1	0	1	1	0	1	0	1	0	0	1	0	0	0	1	0	0	0	1	0
rzparser	1	0	1	1	0	1	0	0	0	0	1	0	0	0	1	0	0	0	0	0
micelle_maker	1	0	1	1	0	1	0	0	0	0	1	0	0	0	1	0	0	0	1	0
ensembl_rat_genome_browser	1	0	1	1	0	1	0	0	0	0	1	0	0	0	1	0	0	0	1	0
viralpro	1	0	1	1	0	1	0	0	0	0	1	0	0	0	1	0	0	0	0	0
websat	1	0	1	1	0	1	0	0	0	0	1	0	0	0	1	0	0	0	0	0
yogy	1	0	1	1	0	1	0	0	0	0	1	0	0	0	0	0	0	0	1	0
famflm	1	0	1	1	0	1	0	0	0	0	1	0	0	0	1	1	0	0	1	0
glycositealign	1	0	1	1	0	1	0	0	0	0	1	0	0	0	1	0	0	0	1	0
dssr	2	2	2	2	0	2	0	2	0	0	2	0	0	0	2	2	0	0	2	0
omicabel	1	0	1	1	0	1	1	0	0	0	1	0	0	0	1	1	0	0	0	0
dnatraffic	1	0	1	1	0	1	0	0	0	0	1	0	0	0	1	0	0	0	1	0
prints	1	0	1	1	0	1	0	1	0	0	1	1	1	0	1	0	0	0	1	0
tophat_cloudifb	3	3	3	3	2	2	2	2	0	2	2	2	2	0	2	2	0	0	2	0
sarotup	1	1	1	1	0	1	0	0	0	0	1	0	0	0	1	0	0	0	0	0
plink-seq	1	0	1	1	0	0	0	0	0	0	1	0	0	0	1	1	0	0	0	0
phemto	1	0	1	1	0	1	0	0	0	0	0	0	0	0	0	0	0	0	0	0
copheism	2	2	2	2	0	2	2	0	0	2	2	0	0	0	0	2	0	0	0	0
bis-snp	4	3	4	4	3	1	3	1	0	3	1	0	0	0	1	4	0	0	1	0
sybil	1	0	1	1	0	1	0	0	0	0	1	0	0	0	1	0	0	0	0	0
mfungd	1	0	1	1	0	1	0	0	0	0	1	1	1	0	1	0	0	0	1	0
ontocount	1	1	1	1	0	1	1	0	0	0	1	0	0	0	1	1	0	0	1	1
mode-task	1	0	1	1	0	1	0	0	0	0	1	0	0	0	1	0	0	0	1	0
variantclassifier	1	0	1	1	0	1	0	0	0	0	1	0	0	0	1	0	0	0	1	0
disgenet	1	0	1	1	0	1	1	0	0	0	1	1	1	0	1	1	0	0	1	1
sbt_interface	1	0	1	1	0	1	0	0	0	0	0	0	0	0	0	0	0	0	0	0
chipmunk	2	1	2	2	0	1	0	1	0	0	1	1	1	0	2	0	0	0	1	0
disqover	3	0	3	3	0	0	0	0	0	0	3	0	0	0	0	0	0	0	0	0
rbiomirgs	1	0	1	1	0	1	0	0	0	0	1	0	0	0	1	0	0	0	1	0
variowatch	1	0	1	1	0	1	0	0	0	0	0	0	0	0	0	0	0	0	0	0
komodo	1	0	1	1	0	1	0	0	0	0	1	0	0	0	1	0	0	0	1	0
genecards	1	0	1	1	0	1	0	0	0	0	0	0	0	0	1	0	0	0	1	0
galactosemia_proteins_database	1	0	1	1	0	1	0	0	0	0	0	0	0	0	1	0	0	0	1	0
aracne	1	1	1	1	0	1	0	0	0	0	1	0	0	0	1	0	0	0	0	0
psumo-cd	1	0	1	1	0	1	0	0	0	0	1	0	0	0	1	0	0	0	1	0
voromqa	1	0	1	1	0	1	0	0	0	0	0	0	0	0	1	0	0	0	0	0
autosnpa	1	0	1	1	0	1	0	1	0	0	1	0	0	0	1	0	0	0	1	0
wise2dba	1	1	1	1	0	1	0	0	0	0	1	1	1	0	1	0	0	0	1	0
globplot	1	0	1	1	0	1	0	0	0	0	1	0	0	0	1	0	0	0	1	0
gsa-snp	1	0	1	1	0	1	0	0	0	0	1	0	0	0	1	0	0	0	1	0
cpa	1	0	1	1	0	1	0	0	0	0	0	0	0	0	0	0	0	0	0	0
sdpmod	1	0	1	1	0	1	0	0	0	0	0	0	0	0	0	0	0	0	0	0
jsquid	1	1	1	1	0	1	0	0	0	0	1	1	1	0	1	0	0	0	1	0
vespa	1	0	1	1	0	1	0	0	0	0	1	0	0	0	1	0	0	0	1	0
trinculo	2	1	2	2	1	1	1	0	0	1	1	0	0	0	1	1	0	0	0	0
geneious	1	0	1	1	0	1	0	0	0	0	1	0	0	0	1	0	0	0	1	0
desingle	2	2	2	2	1	2	2	2	0	1	2	0	0	1	2	2	0	0	2	2
varscan	3	2	3	3	2	2	2	1	1	2	1	1	1	1	2	2	0	0	1	0
biolad-db	1	0	1	1	0	1	0	0	0	0	1	0	0	0	1	0	0	0	0	0
affymetrix_netaffx_analysis_center	1	0	1	1	0	1	0	0	0	0	1	0	0	0	1	0	0	0	1	0
interelementgff-ip	1	1	1	1	0	1	0	0	0	0	1	1	1	0	1	0	0	0	1	0
bedops	2	1	2	2	1	2	1	0	0	1	1	0	0	0	1	2	0	0	0	0
grape_database	1	0	1	1	0	1	0	0	0	0	1	0	0	0	1	0	0	0	1	0
pbap	1	0	1	1	0	1	0	0	0	0	1	0	0	0	1	0	0	0	0	0
mirortho	1	0	1	1	0	1	0	0	0	0	1	0	0	0	1	0	0	0	1	0
ontogetdown	1	1	1	1	0	1	1	0	0	0	1	0	0	0	1	1	0	0	1	1
trapid	1	1	1	1	0	1	0	0	0	0	1	1	1	0	1	0	0	0	1	0
pcdb	1	0	1	1	0	1	0	0	0	0	1	0	0	0	1	0	0	0	1	0
siteengine	1	0	1	1	0	1	0	1	0	0	1	0	0	0	1	0	0	0	0	0
atcc	1	0	1	1	0	0	0	0	0	0	1	1	1	0	1	0	0	0	1	0
biojs-vis-gprofiler	1	1	1	1	0	1	0	0	0	0	1	0	0	0	1	1	0	0	1	0
minmotif_miner	1	0	1	1	0	1	0	0	0	0	1	0	0	0	0	0	0	0	0	0
popdist	1	0	1	1	0	1	0	0	0	0	1	0	0	0	1	0	0	0	0	0
pycheminf	1	1	1	1	0	1	0	0	0	0	0	0	0	0	0	0	0	0	1	0
fasthmm	1	0	1	1	0	1	0	0	0	0	1	0	0	0	1	0	0	0	0	0
cellcycledb	1	0	1	1	0	1	0	0	0	0	1	1	1	0	1	0	0	0	1	0
lodgwas	1	0	1	1	0	1	0	0	0	0	1	0	0	0	1	0	0	0	1	0
biojs-rest-ensembl	1	1	1	1	0	1	0	0	0	0	1	0	0	0	1	0	0	0	1	0
aspli	6	6	6	6	3	4	6	3	0	3	3	0	0	1	3	6	0	0	3	1
conodictor	1	0	1	1	0	1	0	0	0	0	1	0	0	0	1	0	0	0	1	0
confess	3	3	3	3	0	3	3	3	0	0	3	0	0	1	3	3	0	0	3	1
table	1	1	1	1	0	0	0	0	0	0	1	0	0	0	0	0	0	0	0	0
compute_pi_mw	1	0	1	1	0	1	0	0	0	0	1	0	0	0	1	0	0	0	1	0
swisstree	1	0	1	1	0	1	1	0	0	0	1	0	0	0	0	0	0	0	0	0
prokware	1	0	1	1	0	1	0	0	0	0	1	0	0	0	1	0	0	0	1	0
bianca	2	0	2	2	0	2	0	0	0	0	2	0	0	0	2	2	0	0	2	0
prep_suite	1	0	1	1	0	1	0	0	0	0	1	0	0	0	1	0	0	0	1	0
eupathdb	1	0	1	1	0	1	0	1	0	0	1	0	0	0	1	0	0	0	1	0
sem	1	0	1	1	0	1	0	0	0	0	1	0	0	0	1	0	0	0	1	0
beaddatapackr	7	7	7	7	4	3	7	3	0	4	3	0	0	1	3	7	0	0	3	1
mdi-gpu	1	0	1	1	0	1	0	0	0	0	1	0	0	0	1	0	0	0	1	0
stereogene	2	1	2	2	1	2	1	1	0	1	1	0	0	0	1	1	0	0	1	0
gydb	1	0	1	1	0	1	0	0	0	0	1	0	0	0	1	0	0	0	1	0
river	2	2	2	2	1	2	2	2	0	1	2	0	0	1	2	2	0	0	2	2
netstrat	1	1	1	1	0	1	0	0	0	0	0	0	0	0	1	0	0	0	1	0
ggseqlogo	1	0	1	1	0	1	0	0	0	0	1	0	0	0	1	0	0	0	1	0
mpscan	1	0	1	1	0	1	0	0	0	0	1	0	0	0	1	0	0	0	1	0
bioexcel_building_blocks_biobb	1	1	1	1	0	1	1	0	0	1	1	1	1	0	1	1	0	0	1	1
metagenesense	2	0	2	2	0	2	0	0	0	0	0	0	0	0	0	2	0	0	0	0
genomed3plot	1	0	1	1	0	1	0	0	0	0	1	0	0	0	1	0	0	0	0	0
razers	1	0	1	1	0	1	0	0	0	0	1	0	0	0	1	1	0	0	1	0
dbigcg	1	1	1	1	0	1	1	0	0	0	1	0	0	0	1	1	0	0	1	1
promost	1	0	1	1	0	1	0	0	0	0	1	0	0	0	1	0	0	0	1	0
smal	1	0	1	1	0	1	0	0	0	0	1	0	0	0	1	0	0	0	0	0
plexdb	1	0	1	1	0	1	0	0	0	0	1	0	0	0	1	1	0	0	1	0
metageneannotator	2	1	2	2	1	2	1	1	1	1	1	1	1	1	2	1	0	0	1	0
ipp	1	0	1	1	0	1	0	0	0	0	1	0	0	0	1	0	0	0	1	0
densityserver	1	1	1	1	0	0	0	1	0	0	1	1	1	0	1	0	0	0	1	0
gfinder	1	0	1	1	0	1	0	0	0	0	0	0	0	0	0	0	0	0	0	0
isaac	1	0	1	1	0	1	0	0	0	0	1	0	0	0	1	0	0	0	1	0
ehecregnet	1	0	1	1	0	1	0	0	0	0	1	0	0	0	1	0	0	0	1	0
deconstruct	1	0	1	1	0	1	0	0	0	0	1	0	0	0	1	0	0	0	1	0
effectivet3	3	3	3	3	1	2	3	0	0	1	2	2	2	0	2	1	0	0	2	2
syzygy	1	0	1	1	0	1	0	0	0	0	1	0	0	0	1	0	0	0	1	0
europe_pmc_plus_manuscript_submission_system	1	1	1	1	0	0	0	0	0	0	1	1	1	0	1	0	0	0	1	0
tmvar	1	0	1	1	0	1	0	0	0	0	1	0	0	0	1	0	0	0	0	0
bcf-tools-cat-ip	1	1	1	1	0	1	0	0	0	0	1	1	1	0	1	0	0	0	1	0
profeat	1	0	1	1	0	1	0	0	0	0	0	0	0	0	0	0	0	0	0	0
phogly-pseaac	1	0	1	1	0	1	0	0	0	0	1	0	0	0	1	0	0	0	0	0
gnpis	2	2	2	2	0	2	0	0	0	0	2	0	0	0	2	2	0	0	0	0
svmhc	1	1	1	1	0	1	0	0	0	0	0	1	1	0	0	0	0	0	1	0
mrbump	1	1	1	1	0	1	0	0	0	0	1	0	0	0	1	0	0	0	1	0
rnaseqmap	7	7	7	7	4	5	7	3	0	4	3	2	2	1	3	7	0	0	3	1
soapnuke	1	0	1	1	0	1	0	0	0	0	1	0	0	0	1	1	0	0	1	0
simbindprofiles	6	6	6	6	3	4	6	3	0	3	3	2	2	1	3	6	0	0	3	1
solid2fastq-ip	1	1	1	1	0	1	0	0	0	0	1	1	1	0	1	0	0	0	1	0
gewist	5	5	5	5	2	4	5	3	0	2	3	0	0	1	3	5	0	0	3	1
metagene	3	3	3	3	0	3	3	3	0	0	3	2	2	1	3	3	0	0	3	1
peas	1	0	1	1	0	1	0	0	0	0	1	0	0	0	1	0	0	0	1	0
orfer	1	1	1	1	0	1	0	1	0	0	1	0	0	0	1	0	0	0	0	0
igblast	6	5	6	6	5	1	5	0	0	5	1	0	0	0	1	5	0	0	1	0
breseq_bam2cov-ip	1	1	1	1	0	1	0	0	0	0	1	1	1	0	1	0	0	0	1	0
interpro	1	0	1	1	0	1	0	0	0	0	1	1	1	0	1	0	0	0	1	0
glycoviewer	1	0	1	1	0	1	0	0	0	0	1	0	0	0	1	0	0	0	1	0
inps	1	1	1	1	0	1	0	0	0	0	1	1	1	0	1	0	0	0	1	0
breakdancer	2	1	2	2	1	1	1	0	0	1	1	0	0	0	0	2	0	0	1	0
vcflib	2	1	2	2	1	2	1	0	0	0	1	0	0	0	1	2	0	0	1	1
ace_insect	1	0	1	1	0	1	0	0	0	0	1	0	0	0	1	0	0	0	1	0
cluster_buster	1	0	1	1	0	1	0	0	0	0	1	0	0	0	1	0	0	0	1	0
recode	1	0	1	1	0	1	0	0	0	0	1	0	0	0	1	0	0	0	1	0
ftg	1	0	1	1	0	1	0	0	0	0	1	0	0	0	1	0	0	0	0	0
xs	1	0	1	1	0	1	0	0	0	0	1	0	0	0	1	0	0	0	1	0
yapsa	4	4	4	4	2	4	4	3	0	2	3	0	0	1	3	4	0	0	3	1
islandviewer	1	0	1	1	0	1	0	0	0	0	1	0	0	0	1	0	0	0	1	0
sfcheck	1	1	1	1	0	1	0	0	0	0	1	0	0	0	1	0	0	0	1	0
nnn	1	1	1	1	0	1	0	1	0	0	1	0	0	0	1	0	0	0	0	0
methylhmm	1	0	1	1	0	1	0	0	0	0	1	0	0	0	1	1	0	0	0	0
selenoprofiles3	1	1	1	1	0	1	1	0	0	0	0	1	1	0	1	1	0	0	1	1
gomodeler	1	0	1	1	0	1	0	1	0	0	1	0	0	0	1	0	0	0	0	0
kegglincs	5	5	5	5	2	4	5	3	0	2	3	0	0	1	3	5	0	0	3	1
dreamtools	3	2	3	3	2	1	2	0	0	2	1	0	0	0	1	3	0	0	1	0
srinversion	1	0	1	1	0	1	0	0	0	0	1	0	0	0	1	0	0	0	0	0
patternlab	2	0	2	2	0	2	2	0	0	0	2	2	2	0	2	0	0	0	0	0
polyapeak	1	0	1	1	0	1	0	0	0	0	1	0	0	0	1	0	0	0	0	0
tisan	1	0	1	1	0	1	0	0	0	0	1	0	0	0	1	0	0	0	1	0
cedar_ondemand	1	0	1	1	0	1	0	0	0	0	1	0	0	0	0	1	0	0	1	1
inga	2	2	2	2	0	2	0	0	0	0	2	2	2	0	2	0	0	0	2	0
maxflow	1	0	1	1	0	1	0	0	0	0	1	0	0	0	1	0	0	0	0	0
iaseq	5	5	5	5	2	4	5	3	0	2	3	0	0	1	3	5	0	0	3	1
netreg	6	6	6	6	5	2	6	2	0	5	2	0	0	1	2	6	0	0	2	1
selphi	1	0	1	1	0	1	0	0	0	0	1	0	0	0	1	0	0	0	1	0
cpndb	1	0	1	1	0	1	0	0	0	0	1	0	0	0	0	0	0	0	1	0
cntools	7	7	7	7	4	5	7	3	0	4	3	0	0	1	3	7	0	0	3	1
proteinhistorian	2	0	2	2	0	2	2	0	0	0	0	0	0	0	2	2	0	0	0	0
genomation	9	9	9	9	8	3	9	3	0	7	3	2	2	1	3	9	0	0	3	1
randompat	1	0	1	1	0	0	0	0	0	0	1	0	0	0	0	0	0	0	0	0
biq_analyzer_ht	1	0	1	1	0	1	1	0	0	0	1	0	0	0	1	0	0	0	1	0
betavoid	1	0	1	1	0	1	0	0	0	0	1	0	0	0	1	0	0	0	0	0
ps2_-_v38938	1	1	1	1	0	1	0	0	0	0	1	0	0	0	1	0	0	0	0	0
grenits	4	4	4	4	1	3	4	3	0	1	3	2	2	1	3	4	0	0	3	1
pulse	1	0	1	1	0	1	0	0	0	0	1	0	0	0	1	0	0	0	0	0
cpgavas	1	1	1	1	0	1	0	0	0	0	0	0	0	0	1	0	0	0	0	0
faas	1	0	1	1	0	1	1	0	0	0	0	0	0	0	0	0	0	0	0	1
xmatchview	1	0	1	1	0	0	0	0	0	0	1	0	0	0	1	1	0	0	1	0
pepinfo-ebi	1	1	1	1	0	1	0	0	0	0	1	1	1	0	1	0	0	0	1	0
timelapseanalyzer	1	0	1	1	0	1	0	0	0	0	1	0	0	0	1	0	0	0	0	0
tableparser	1	0	1	1	0	0	0	0	0	0	1	0	0	0	0	0	0	0	0	0
mycosub	1	0	1	1	0	1	0	0	0	0	1	0	0	0	1	0	0	0	1	0
1000genomes_data_slicer	1	1	1	1	0	1	0	0	0	0	1	1	1	0	1	0	0	0	1	0
sigsquared	2	2	2	2	0	1	2	2	0	1	2	0	0	1	2	2	0	0	2	1
fanmod	1	1	1	1	0	1	0	1	0	0	1	0	0	0	1	0	0	0	0	0
tmbeta-net	1	0	1	1	0	1	0	0	0	0	0	0	0	0	0	0	0	0	0	0
optpdt	1	0	1	1	0	1	0	0	0	0	1	0	0	0	1	0	0	0	1	0
aesop	1	0	1	1	0	1	0	0	0	0	1	0	0	0	1	1	0	0	1	0
airlab	1	0	1	1	0	1	0	0	0	0	1	0	0	0	1	1	0	0	1	0
latpack	1	1	1	1	0	1	0	1	0	0	1	0	0	0	1	0	0	0	0	0
nospace	1	1	1	1	0	1	1	0	0	0	1	1	1	0	1	1	0	0	1	1
ewce	2	2	2	2	0	2	2	2	0	0	0	0	0	0	2	2	0	0	2	0
bwa-sw	1	0	1	1	0	1	0	1	0	0	1	0	0	0	1	1	0	0	1	0
erga	1	0	1	1	0	0	0	0	0	0	1	0	0	0	1	0	0	0	1	0
netresponse	4	4	4	4	2	3	4	3	0	1	3	0	0	1	3	4	0	0	3	1
gassst	1	1	1	1	0	1	0	0	0	0	1	1	1	0	1	1	0	0	1	0
off-target_pipeline	1	0	1	1	0	0	0	0	0	0	1	0	0	0	1	0	0	0	0	0
indel-seq-gen	1	0	1	1	0	1	0	1	0	0	1	0	0	0	1	0	0	0	1	0
archki	1	0	1	1	0	1	0	0	0	0	1	0	0	0	1	0	0	0	0	0
tweedeseq	6	6	6	6	5	3	6	3	0	4	3	0	0	1	3	6	0	0	3	1
hslpred	1	0	1	1	0	1	0	1	0	0	1	0	0	0	1	0	0	0	1	0
pepstr	1	0	1	1	0	1	0	0	0	0	1	0	0	0	1	0	0	0	0	0
omicade4	6	6	6	6	3	3	6	3	0	3	1	2	2	1	3	6	0	0	3	1
proteinspector	1	1	1	1	0	1	0	0	0	0	1	1	1	0	1	1	0	0	1	0
lemone	1	1	1	1	0	1	0	0	0	0	1	1	1	0	1	0	0	0	1	0
snippy	11	11	11	10	9	1	9	2	2	9	1	2	2	2	3	10	0	0	1	1
dima_domain_interaction_map	1	1	1	1	0	1	0	0	0	0	1	1	1	0	1	0	0	0	1	0
esimsa2d	1	0	1	1	0	0	1	0	0	0	1	1	1	0	1	1	0	0	1	0
egad	3	3	3	3	0	3	3	3	0	0	3	0	0	1	3	3	0	0	3	1
genomernai	1	0	1	1	0	1	1	0	0	0	1	1	1	0	1	0	0	0	1	1
uproc	1	0	1	1	0	1	0	0	0	0	1	0	0	0	1	0	0	0	0	0
bioidmapper	1	1	1	1	0	1	0	1	0	0	1	0	0	0	1	0	0	0	0	0
firestar_ws	1	1	1	1	0	1	0	0	0	0	0	0	0	0	1	0	0	0	1	0
mvp	2	1	2	2	1	0	1	0	0	1	1	0	0	0	1	1	0	0	0	0
blastalign	2	2	2	2	1	2	1	1	1	1	1	1	1	1	2	1	0	0	0	0
rtreemix	7	7	7	7	4	5	7	3	0	4	3	0	0	1	3	7	0	0	3	1
motifmatchr	3	3	3	3	1	1	3	2	0	2	2	0	0	1	2	3	0	0	2	1
nextclip	1	1	1	1	0	1	0	0	0	0	1	0	0	0	1	0	0	0	0	0
genmr	1	0	1	1	0	1	0	0	0	0	1	0	0	0	1	0	0	0	1	0
partifold	1	0	1	1	0	1	0	0	0	0	1	0	0	0	1	0	0	0	0	0
changegfffeatures-ip	1	1	1	1	0	1	0	0	0	0	1	1	1	0	1	0	0	0	1	0
phosphat	1	0	1	1	0	1	0	0	0	0	1	0	0	0	1	0	0	0	1	0
sbmleditor	1	1	1	1	0	1	0	0	0	0	1	0	0	0	1	0	0	0	0	0
superlooper	1	0	1	1	0	1	0	0	0	0	1	0	0	0	1	0	0	0	1	0
xplormed	1	0	1	1	0	1	0	0	0	0	1	0	0	0	1	0	0	0	1	0
k-fold	1	1	1	1	0	1	0	0	0	0	1	1	1	0	1	0	0	0	1	0
needle-api-ebi	1	1	1	1	0	1	0	0	0	0	1	0	0	0	1	0	0	0	1	0
ismara	1	1	1	1	0	1	0	0	0	0	1	1	1	0	1	0	0	0	1	0
phsol	1	1	1	1	0	1	0	0	0	0	1	1	1	0	1	1	0	0	1	0
glycresoft	2	2	2	2	0	2	0	0	0	0	2	0	0	0	2	0	0	0	2	0
ebsea	5	5	5	5	2	4	5	3	0	2	3	0	0	1	3	5	0	0	3	1
mocapy_plus_plus	1	1	1	1	0	1	1	0	0	0	1	0	0	0	1	0	0	0	1	1
overlap	1	1	1	1	0	0	1	0	0	0	1	0	0	0	1	0	0	0	1	0
netstart	2	2	2	2	0	2	0	0	0	0	2	2	2	0	2	2	0	0	2	0
geecee	2	2	2	2	0	1	1	1	1	0	1	1	2	1	2	1	0	0	1	1
scripture	1	0	1	1	0	1	0	0	0	0	1	0	0	0	1	0	0	0	1	0
cudasw	1	1	1	1	0	1	0	0	0	0	1	0	0	0	1	0	0	0	0	0
biophp	1	0	1	1	0	1	0	0	0	0	0	0	0	0	1	1	0	0	1	0
pedig	1	0	1	1	0	0	1	0	0	0	1	0	0	0	1	1	0	0	0	0
paa	3	3	3	3	1	2	3	0	0	3	2	2	2	0	2	3	0	0	2	2
dinc	1	0	1	1	0	1	0	0	0	0	1	0	0	0	1	0	0	0	1	0
triocaller	1	0	1	1	0	1	0	0	0	0	1	0	0	0	1	0	0	0	1	0
dotter	1	1	1	1	0	1	0	0	0	0	1	1	1	0	1	0	0	0	1	0
xheinz	1	1	1	1	0	1	1	0	0	0	1	0	0	0	1	1	0	0	1	1
cleanupdtseq	5	5	5	5	2	3	5	3	0	2	3	0	0	1	3	5	0	0	3	1
sitex	1	0	1	1	0	1	0	0	0	0	1	0	0	0	1	0	0	0	1	0
alloscore	1	0	1	1	0	1	0	0	0	0	1	0	0	0	1	0	0	0	0	0
gogene	1	0	1	1	0	1	0	0	0	0	0	0	0	0	0	0	0	0	0	0
proteand	1	0	1	1	0	1	0	0	0	0	1	0	0	0	1	0	0	0	0	0
metabolomexchange	1	0	1	1	0	0	0	0	0	0	1	0	0	0	1	0	0	0	1	0
nanopolish	8	7	8	8	7	1	8	0	0	7	0	1	1	0	1	8	0	0	1	0
path2ppi	4	2	4	4	2	3	2	3	0	1	3	0	0	1	3	2	0	0	3	1
imot	1	0	1	1	0	1	0	0	0	0	1	0	0	0	1	0	0	0	1	0
ismp-grey	1	0	1	1	0	1	0	0	0	0	1	0	0	0	1	0	0	0	0	0
lutefiskxp	1	0	1	1	0	1	0	1	0	0	1	0	0	0	1	0	0	0	1	0
isoem	1	0	1	1	0	1	0	0	0	0	1	0	0	0	1	0	0	0	1	0
wordclcytoscplg	1	0	1	1	0	1	0	1	0	0	1	0	0	0	1	0	0	0	1	0
homolens	1	0	1	1	0	1	0	0	0	0	1	0	0	0	1	0	0	0	1	0
guugle	3	3	3	3	0	3	3	0	0	0	3	3	3	0	3	0	0	0	3	3
treecon	1	1	1	1	0	1	0	1	0	0	1	1	1	0	1	0	0	0	1	0
psi-blast	1	1	1	1	0	1	0	0	0	0	1	1	1	0	1	0	0	0	1	0
lims_tools	1	0	1	1	0	0	0	0	0	0	1	0	0	0	0	0	0	0	0	0
covain	1	1	1	1	0	1	0	0	0	0	1	0	0	0	0	0	0	0	0	0
prgdb	1	0	1	1	0	1	0	0	0	0	1	0	0	0	1	0	0	0	1	0
polygenicpathways	1	0	1	1	0	1	0	0	0	0	1	0	0	0	1	0	0	0	1	0
mrna_optimiser	1	0	1	1	0	1	0	0	0	0	1	0	0	0	1	0	0	0	1	0
pgmra	1	0	1	1	0	1	0	0	0	0	1	0	0	0	1	0	0	0	1	0
iso2l	1	0	1	1	0	0	0	0	0	0	1	1	1	0	1	0	0	0	0	0
feedr	1	1	1	1	0	1	0	1	0	0	1	0	0	0	1	1	0	0	1	0
vombat	1	0	1	1	0	1	0	0	0	0	0	0	0	0	0	0	0	0	0	0
gene3d_structural	1	0	1	1	0	1	0	0	0	0	1	1	1	0	1	0	0	0	1	0
palcheck	1	0	1	1	0	1	0	0	0	0	1	0	0	0	1	0	0	0	0	0
sarpred	1	0	1	1	0	1	0	0	0	0	1	0	0	0	1	0	0	0	0	0
ma	1	1	1	1	0	1	0	0	0	0	1	0	0	0	1	0	0	0	1	0
ihsp-pseraaac	1	0	1	1	0	1	0	0	0	0	1	0	0	0	1	0	0	0	1	0
interactome_insider	1	0	1	1	0	1	1	0	0	0	1	1	1	0	1	0	0	0	1	0
pbat	1	0	1	1	0	1	0	0	0	0	1	0	0	0	1	1	0	0	0	0
vicuna	2	1	2	2	1	1	1	1	0	1	0	0	0	0	1	1	0	0	1	1
ptmclust	1	0	1	1	0	1	0	0	0	0	1	0	0	0	1	0	0	0	1	0
hasappy	1	0	1	1	0	1	0	0	0	0	1	0	0	0	1	0	0	0	1	0
pia	4	4	4	4	0	4	4	0	0	0	4	4	4	0	4	4	0	0	4	4
npbss	1	0	1	1	0	1	0	0	0	0	1	0	0	0	1	1	0	0	1	0
diffbind	9	9	9	9	7	4	9	4	1	7	3	1	1	2	4	9	0	0	3	1
frama	1	0	1	1	0	1	0	0	0	0	1	0	0	0	1	0	0	0	1	0
hapfabia	6	6	6	6	4	3	6	3	0	3	3	2	2	1	3	6	0	0	3	1
regulondb	1	0	1	1	0	1	0	0	0	0	1	0	0	0	1	0	0	0	1	0
microanalyzer	1	0	1	1	0	1	0	0	0	0	1	0	0	0	0	0	0	0	0	0
gofunction	5	5	5	5	2	4	5	3	0	2	3	0	0	1	3	5	0	0	3	1
convert-matrix	3	3	3	3	0	3	3	0	0	0	3	3	3	0	3	0	0	0	3	3
trf	4	2	4	3	2	2	2	0	0	2	2	0	0	0	2	3	0	0	0	0
phenoman	1	0	1	1	0	1	0	0	0	0	1	0	0	0	1	0	0	0	0	0
dedal	1	0	1	1	0	1	0	0	0	0	1	0	0	0	1	1	0	0	1	0
agdex	6	6	6	6	3	4	6	3	0	3	3	0	0	1	3	6	0	0	3	1
casper	7	7	7	7	4	3	7	3	0	4	3	0	0	1	3	7	0	0	3	1
biocircos.js	1	0	1	1	0	1	0	0	0	0	1	0	0	0	1	0	0	0	1	0
pgp	1	0	1	1	0	1	1	0	0	0	1	0	0	0	1	1	0	0	1	1
elsa	1	0	1	1	0	1	0	0	0	0	1	0	0	0	1	0	0	0	1	0
epinem	2	2	2	2	0	2	2	2	0	1	2	0	0	1	2	2	0	0	2	1
rnaseqeval	1	0	1	1	0	1	0	0	0	0	1	0	0	0	1	0	0	0	1	0
metamis	1	0	1	1	0	1	0	1	0	0	1	0	0	0	1	0	0	0	1	0
ms-spectre	1	0	1	1	0	1	0	0	0	0	1	0	0	0	1	0	0	0	1	0
doqtl	6	6	6	6	4	3	6	3	0	3	3	0	0	1	3	6	0	0	3	1
palikiss	1	0	1	1	0	1	0	0	0	0	1	0	0	0	1	0	0	0	0	0
rnapathfinder	1	0	1	1	0	1	0	0	0	0	1	0	0	0	1	0	0	0	0	0
meigor	5	5	5	5	2	4	5	3	0	2	3	0	0	1	3	5	0	0	3	1
chemical_identifier_resolver	1	1	1	1	0	0	0	0	0	0	1	0	0	0	1	0	0	0	1	0
networkin	1	1	1	1	0	1	0	0	0	0	1	1	1	0	1	0	0	0	1	0
mdp	2	2	2	2	1	1	2	2	0	1	2	0	0	1	2	2	0	0	2	1
bprimm	1	1	1	1	0	1	0	0	0	0	1	0	0	0	1	0	0	0	0	0
gcat	1	1	1	1	0	1	0	0	0	0	1	0	0	0	1	1	0	0	0	0
helixpso	1	0	1	1	0	0	0	0	0	0	1	0	0	0	1	0	0	0	0	0
blasto	1	0	1	1	0	1	0	0	0	0	0	0	0	0	0	0	0	0	0	0
preditor	1	0	1	1	0	1	0	0	0	0	1	0	0	0	1	0	0	0	1	0
bwa-pssm	1	1	1	1	0	1	1	0	0	0	1	0	0	0	1	0	0	0	1	1
qualtofastq-ip	1	1	1	1	0	1	0	0	0	0	1	1	1	0	1	0	0	0	1	0
oligocalc	1	0	1	1	0	1	0	0	0	0	1	0	0	0	0	0	0	0	1	0
seqwords	1	0	1	1	0	0	0	0	0	0	1	0	0	0	1	0	0	0	1	0
proteincutter	1	1	1	1	0	0	0	0	0	0	1	1	1	0	1	0	0	0	1	0
msgl	1	0	1	1	0	1	0	0	0	0	1	0	0	0	1	0	0	0	1	0
clic_pathway	2	0	2	2	0	2	0	0	0	0	2	0	0	0	2	0	0	0	2	0
bsmap	2	1	2	2	1	1	1	0	0	1	1	0	0	0	0	2	0	0	1	0
apex	1	1	1	1	0	1	0	0	0	0	1	0	0	0	0	0	0	0	0	0
pcons	1	0	1	1	0	1	0	0	0	0	1	0	0	0	1	0	0	0	1	0
yinoyang	2	2	2	2	0	2	0	0	0	0	2	2	2	0	2	2	0	0	2	0
bpla_kernel	1	0	1	1	0	1	0	0	0	0	1	0	0	0	1	0	0	0	1	0
ppixpress	1	0	1	1	0	1	0	0	0	0	1	0	0	0	1	0	0	0	0	0
cross_checker	1	1	1	1	0	0	0	0	0	0	1	0	0	0	1	0	0	0	1	0
pgm	1	1	1	1	0	1	0	0	0	0	1	0	0	0	1	0	0	0	0	0
scaffmatch	1	0	1	1	0	1	0	0	0	0	1	0	0	0	1	0	0	0	0	0
malaria_data_blast_search	1	1	1	1	0	1	0	0	0	0	1	1	1	0	1	0	0	0	1	0
corum	1	0	1	1	0	1	0	0	0	0	1	1	1	0	1	0	0	0	1	0
polbase	1	0	1	1	0	1	0	0	0	0	1	0	0	0	1	0	0	0	1	0
tasr	1	0	1	1	0	1	0	0	0	0	0	0	0	0	0	1	0	0	1	0
proteny	1	0	1	1	0	1	0	0	0	0	1	0	0	0	1	0	0	0	0	0
bsqa	1	0	1	1	0	1	0	0	0	0	0	0	0	0	0	0	0	0	0	0
motiv	7	7	7	7	5	5	7	3	0	5	3	0	0	1	3	7	0	0	3	1
hca-vision	1	1	1	1	0	1	0	0	0	0	1	0	0	0	1	0	0	0	0	0
b-nem	1	0	1	1	0	1	0	0	0	0	1	0	0	0	1	0	0	0	0	0
ucsc_ebola_genome_portal	1	0	1	1	0	1	0	0	0	0	1	0	0	0	1	0	0	0	1	0
genomeview	1	1	1	1	0	1	0	0	0	0	1	0	0	0	1	0	0	0	1	0
sepacs	1	0	1	1	0	1	0	0	0	0	0	0	0	0	0	0	0	0	0	0
orfpredictor	1	0	1	1	0	1	0	0	0	0	1	0	0	0	1	0	0	0	1	0
litminer	1	0	1	1	0	1	0	0	0	0	0	0	0	0	0	0	0	0	0	0
soapfusion	1	0	1	1	0	1	0	0	0	0	1	0	0	0	1	0	0	0	1	0
indexcov	1	0	1	1	0	1	0	0	0	0	1	0	0	0	1	1	0	0	1	0
helixturnhelix	2	2	2	2	0	1	1	1	1	0	1	1	2	1	2	1	0	0	1	1
stacks	20	19	20	20	19	10	19	1	0	19	1	0	0	0	1	20	0	0	0	0
fastr3d	1	0	1	1	0	1	0	0	0	0	1	0	0	0	1	0	0	0	1	0
genocad	1	0	1	1	0	1	0	0	0	0	1	0	0	0	0	0	0	0	1	0
biojs-io-blast	1	1	1	1	0	1	0	0	0	0	1	1	1	0	1	1	0	0	1	0
mgfr	6	6	6	6	3	4	6	3	0	3	3	0	0	1	3	6	0	0	3	1
rbcbook1	6	6	6	6	4	4	6	3	0	3	3	0	0	1	3	6	0	0	3	1
wsprediction	1	1	1	1	0	1	0	0	0	0	1	0	0	0	1	0	0	0	1	0
fqtrim	2	2	2	2	1	1	1	0	0	1	1	0	0	0	1	1	0	0	1	0
cytofkit	3	3	3	3	1	3	2	3	0	0	3	2	2	1	3	3	0	0	3	1
blast_sib	1	0	1	1	0	0	0	0	0	0	1	0	0	0	1	0	0	0	1	0
geneplast	5	5	5	5	2	4	5	3	0	2	3	0	0	1	3	5	0	0	3	1
mesord	2	2	2	2	0	2	0	0	0	0	2	2	2	0	2	0	0	0	2	0
cpmd_training	1	0	1	1	0	0	1	0	0	0	1	1	1	0	0	0	0	0	1	0
omtools	1	0	1	1	0	1	0	0	0	0	1	0	0	0	1	0	0	0	1	0
primus	1	0	1	1	0	1	0	0	0	0	1	0	0	0	1	0	0	0	0	0
genomedisco	1	0	1	1	0	1	0	0	0	0	1	0	0	0	1	0	0	0	1	0
superpred	1	0	1	1	0	1	0	0	0	0	1	0	0	0	1	0	0	0	1	0
ucsc_celgenbrwsrgw	1	0	1	1	0	1	0	0	0	0	1	0	0	0	1	0	0	0	1	0
upf	1	1	1	1	0	1	0	0	0	0	1	1	1	0	1	0	0	0	1	0
haploview	1	0	1	1	0	1	0	1	0	0	1	0	0	0	1	1	0	0	0	0
rdrtoolbox	3	3	3	3	0	3	3	3	0	0	3	0	0	1	3	3	0	0	3	1
lochap	1	1	1	1	0	1	0	1	0	0	1	0	0	0	1	0	0	0	0	0
rightfield	1	1	1	1	0	1	1	0	0	0	1	0	0	0	1	1	0	0	1	1
trimadaptor-ip	1	1	1	1	0	1	0	0	0	0	1	1	1	0	1	0	0	0	1	0
fourcseq	7	7	7	7	4	3	7	3	0	4	3	2	2	1	3	7	0	0	3	1
orthograph	2	0	2	2	0	2	0	2	0	0	0	0	0	0	2	2	0	0	2	2
salmonella_crispr_typing	1	1	1	1	0	1	1	0	0	0	1	1	1	0	1	1	0	0	1	1
bacmap	1	0	1	1	0	1	0	0	0	0	1	0	0	0	1	0	0	0	1	0
blat	3	2	3	2	1	1	1	1	1	1	1	1	1	1	2	1	0	0	1	0
mitofy	2	0	2	2	0	2	0	0	0	0	2	0	0	0	2	0	0	0	0	0
opera-lg	1	0	1	1	0	1	0	0	0	0	1	0	0	0	1	1	0	0	0	0
dbtoolkit	2	2	2	2	0	2	0	0	0	0	2	2	2	0	2	0	0	0	2	0
biocparallel	11	11	11	11	9	6	11	3	0	8	3	0	0	1	3	11	0	0	3	1
varid	1	0	1	1	0	1	0	0	0	0	1	0	0	0	1	0	0	0	1	0
transit	1	0	1	1	0	1	0	0	0	0	1	0	0	0	1	0	0	0	0	0
mase	1	0	1	1	0	1	0	0	0	0	1	0	0	0	1	0	0	0	1	0
scld	1	0	1	1	0	1	0	0	0	0	1	0	0	0	1	0	0	0	1	0
rilogo	2	2	2	2	0	2	0	0	0	0	2	2	2	0	2	2	0	0	2	0
m3	1	1	1	1	0	1	0	0	0	0	1	0	0	0	0	0	0	0	0	0
obitools	3	2	3	3	2	1	2	0	0	2	1	0	0	0	1	2	0	0	1	0
webapollo	1	0	1	1	0	1	0	0	0	0	1	0	0	0	1	0	0	0	1	0
bio-jeti	1	0	1	1	0	1	0	0	0	0	1	0	0	0	1	0	0	0	0	0
mpda	1	1	1	1	0	1	0	1	0	0	1	0	0	0	1	0	0	0	0	0
prosplicer	1	0	1	1	0	1	0	0	0	0	1	0	0	0	1	0	0	0	1	0
tpp	1	1	1	1	0	0	0	1	0	0	1	0	0	0	1	1	0	0	1	0
pywater	2	0	2	2	0	2	0	0	0	0	2	0	0	0	2	0	0	0	0	0
lme4	1	0	1	1	0	0	0	0	0	0	1	0	0	0	1	1	0	0	0	0
matrix_eqtl	2	1	2	2	1	1	1	1	0	1	1	0	0	0	1	1	0	0	1	0
bumhmm	2	2	2	2	0	2	2	2	0	1	2	0	0	1	2	2	0	0	2	2
solar-eclipse	1	0	1	1	0	1	0	0	0	0	1	0	0	0	1	1	0	0	0	1
phredphrapconsed	1	0	1	1	0	1	0	0	0	0	1	0	0	0	1	0	0	0	0	0
tmbstan	1	0	1	1	0	1	0	1	0	0	1	0	0	0	1	0	0	0	1	0
gaev	2	2	2	2	0	2	0	0	0	0	2	0	0	0	0	2	0	0	0	2
cancerouspdomains	1	0	1	1	0	1	0	0	0	0	1	0	0	0	1	0	0	0	1	0
rapidnj	2	2	2	2	1	2	1	0	0	1	1	0	0	0	0	1	0	0	1	0
parentchecker	1	1	1	1	0	1	0	0	0	0	1	0	0	0	0	0	0	0	0	0
teacheng	1	0	1	1	0	1	0	0	0	0	0	0	0	0	0	0	0	0	1	0
silent	1	1	1	1	0	1	1	0	0	0	1	1	1	0	1	1	0	0	1	1
funpat	1	1	1	1	0	1	0	0	0	0	1	0	0	0	1	0	0	0	1	0
gwasdb	1	0	1	1	0	1	0	0	0	0	1	0	0	0	1	0	0	0	1	0
afst	1	1	1	1	0	1	0	0	0	0	1	0	0	0	0	0	0	0	0	0
cbo	1	0	1	1	0	1	0	0	0	0	1	0	0	0	1	0	0	0	0	0
preppi	1	0	1	1	0	1	0	0	0	0	1	0	0	0	1	0	0	0	0	0
bcbio-nextgen	4	3	4	4	3	2	3	0	0	3	1	0	0	0	1	4	0	0	1	1
eagleview	1	0	1	1	0	1	0	0	0	0	1	0	0	0	1	0	0	0	1	0
viramp	1	0	1	1	0	1	0	0	0	0	1	0	0	0	1	0	0	0	0	0
flexpred	1	0	1	1	0	1	0	0	0	0	1	0	0	0	1	0	0	0	0	0
openhicamm	1	0	1	1	0	1	0	0	0	0	1	0	0	0	1	0	0	0	1	0
catrapid_signature	1	0	1	1	0	1	0	0	0	0	0	0	0	0	1	0	0	0	1	0
gff-ex	1	0	1	1	0	1	0	0	0	0	1	0	0	0	1	0	0	0	1	0
olingui	3	3	3	3	1	3	3	3	0	0	3	0	0	1	3	3	0	0	3	1
reveal	2	1	2	2	1	1	1	0	0	1	1	0	0	0	1	1	0	0	0	0
antihunter_2.0	1	0	1	1	0	1	0	0	0	0	0	0	0	0	0	0	0	0	0	0
x_hunter	1	0	1	1	0	1	1	0	0	0	1	0	0	0	1	0	0	0	0	0
vce	1	0	1	1	0	1	0	0	0	0	1	0	0	0	1	1	0	0	0	0
atpid	1	0	1	1	0	1	0	0	0	0	1	0	0	0	1	0	0	0	0	0
bayesembler	1	1	1	1	0	1	0	0	0	0	1	1	1	0	1	1	0	0	1	0
flipper	1	1	1	1	0	1	1	0	0	0	1	0	0	0	1	1	0	0	1	1
deepsacon	1	0	1	1	0	1	0	0	0	0	1	0	0	0	0	0	0	0	1	0
neuroelectro	1	1	1	1	0	1	0	0	0	0	1	0	0	0	1	0	0	0	1	0
vcppt	1	0	1	1	0	0	0	1	0	0	1	0	0	0	1	0	0	0	0	0
itsxpress	4	4	4	4	3	3	3	0	0	3	1	1	1	0	0	4	0	0	1	1
vas	1	0	1	1	0	1	0	0	0	0	1	0	0	0	1	0	0	0	1	0
wordcluster	1	0	1	1	0	1	0	1	0	0	1	0	0	0	1	0	0	0	0	0
trust	1	0	1	1	0	1	0	0	0	0	1	0	0	0	1	0	0	0	0	0
saxster	1	0	1	1	0	1	0	0	0	0	1	0	0	0	1	0	0	0	0	0
primers4clades	1	0	1	1	0	1	0	0	0	0	1	0	0	0	1	0	0	0	1	0
s2rsldb	1	0	1	1	0	1	0	0	0	0	1	0	0	0	1	0	0	0	1	0
taxmapper	2	1	2	2	1	1	1	0	0	1	1	0	0	0	1	1	0	0	1	0
karma	1	0	1	1	0	1	0	0	0	0	1	0	0	0	0	0	0	0	0	0
martini	3	3	3	3	1	2	3	2	0	2	2	0	0	1	2	3	0	0	2	1
giremi	1	0	1	1	0	1	0	0	0	0	1	0	0	0	1	0	0	0	0	0
maxcontrastprojection	2	2	2	2	0	1	2	2	0	1	2	0	0	1	2	2	0	0	2	2
sti-gmas	1	0	1	1	0	1	0	0	0	0	1	0	0	0	1	1	0	0	1	0
fitmunk	1	0	1	1	0	1	0	0	0	0	1	0	0	0	1	0	0	0	0	0
provean	1	0	1	1	0	1	0	0	0	0	1	0	0	0	1	1	0	0	0	0
ngloc	1	1	1	1	0	1	0	0	0	0	1	0	0	0	1	0	0	0	1	0
seedgff-ip	1	1	1	1	0	1	0	0	0	0	1	1	1	0	1	0	0	0	1	0
pyms	1	0	1	1	0	1	1	0	0	0	1	0	0	0	1	0	0	0	1	0
meat	1	0	1	1	0	1	0	0	0	0	1	0	0	0	1	0	0	0	0	0
cgdnaweb	1	0	1	1	0	1	0	0	0	0	1	1	1	0	0	0	0	0	1	0
methvisual	3	3	3	3	0	3	3	3	0	0	3	0	0	1	3	3	0	0	3	1
p.r.e.s.s.	1	1	1	1	0	1	0	1	0	0	1	0	0	0	1	0	0	0	0	0
atlas	1	1	1	1	0	0	0	0	0	0	1	0	0	0	1	0	0	0	0	0
blast_ebi	2	0	2	2	0	2	0	0	0	0	2	2	2	0	2	0	0	0	2	0
moviemaker	1	0	1	1	0	1	0	0	0	0	1	0	0	0	1	0	0	0	1	0
stringgraph_beta	1	0	1	1	0	1	0	0	0	0	1	0	0	0	1	0	0	0	0	0
mutpred	1	1	1	1	0	1	0	0	0	0	1	0	0	0	1	0	0	0	0	0
i2i-siteengine	1	0	1	1	0	1	0	0	0	0	1	0	0	0	1	0	0	0	1	0
clipper	3	3	3	3	1	2	2	2	0	1	2	0	0	1	2	3	0	0	2	1
genegeneinter	3	3	3	3	0	3	3	3	0	0	3	0	0	1	3	3	0	0	3	1
mpfe	6	6	6	6	3	4	6	3	0	3	3	0	0	0	3	6	0	0	3	1
cassys	1	0	1	1	0	1	0	0	0	0	1	0	0	0	0	0	0	0	0	0
protomap	1	0	1	1	0	1	0	0	0	0	1	0	0	0	0	0	0	0	1	0
bypassr	1	0	1	1	0	1	0	1	0	0	1	0	0	0	1	0	0	0	1	0
compseq	2	2	2	2	0	1	1	1	1	0	1	2	2	1	2	1	0	0	1	1
mirnet	1	0	1	1	0	1	0	0	0	0	1	0	0	0	1	0	0	0	1	0
skinsensdb	1	0	1	1	0	1	0	0	0	0	0	0	0	0	1	0	0	0	1	0
nobai	1	0	1	1	0	1	0	0	0	0	1	0	0	0	1	0	0	0	1	0
maxcounts	1	1	1	1	0	1	0	0	0	0	1	0	0	0	1	1	0	0	1	0
geneseqer	1	0	1	1	0	1	0	0	0	0	1	0	0	0	1	0	0	0	1	0
exomepeak	5	5	5	5	2	3	5	3	0	2	3	0	0	1	3	5	0	0	3	1
caw	2	0	2	2	0	0	2	0	0	0	2	2	2	0	2	2	0	0	2	2
nullseq	1	0	1	1	0	1	0	0	0	0	0	0	0	0	0	0	0	0	0	0
sspa	7	7	7	7	5	3	7	3	0	4	3	0	0	1	3	7	0	0	3	1
isescan	1	0	1	1	0	1	0	0	0	0	1	0	0	0	1	0	0	0	1	0
systempiper	8	8	8	8	6	3	8	3	0	5	3	2	2	1	3	8	0	0	3	1
ensembl_variant_effect_predictor	35	33	35	35	33	2	33	0	0	33	2	0	0	0	2	35	0	0	2	0
um-bbd	1	0	1	1	0	1	0	0	0	0	0	0	0	0	1	0	0	0	1	0
smallanimalmrghifu	2	0	2	2	0	2	0	0	0	0	2	0	0	0	2	2	0	0	2	0
drawid	1	0	1	1	0	1	0	0	0	0	1	0	0	0	1	1	0	0	1	0
exomedepth	3	2	3	3	1	2	1	2	0	1	1	1	1	1	2	1	0	0	1	0
pubserver	1	0	1	1	0	1	0	0	0	0	1	0	0	0	1	0	0	0	1	0
njplot	1	0	1	1	0	1	0	0	0	0	1	0	0	0	1	0	0	0	1	0
flad	1	0	1	1	0	1	0	0	0	0	1	1	1	0	1	0	0	0	1	0
seqan	1	1	1	1	0	1	1	0	0	0	1	0	0	0	1	1	0	0	1	1
reactomepa	5	5	5	5	3	3	5	3	0	2	3	2	2	1	3	5	0	0	3	1
nmrbox	1	0	1	1	0	1	0	0	0	0	1	0	0	0	1	0	0	0	1	0
drugvsdisease	5	5	5	5	2	4	5	3	0	2	3	0	0	1	3	5	0	0	3	1
mlsta	1	0	1	1	0	1	0	0	0	0	1	0	0	0	1	0	0	0	0	0
dintor	2	0	2	2	0	2	0	0	0	0	2	0	0	0	2	2	0	0	2	0
seqret-ebi	1	1	1	1	0	1	0	0	0	0	1	1	1	0	1	0	0	0	1	0
consensusov	4	4	4	4	3	2	4	2	0	3	2	0	0	1	2	4	0	0	2	2
forna	2	2	2	2	0	2	0	0	0	0	2	2	2	0	2	0	0	0	2	0
clantox	1	0	1	1	0	1	0	0	0	0	1	0	0	0	1	0	0	0	1	0
clustalo-ip	1	1	1	1	0	1	0	0	0	0	1	1	1	0	0	0	0	0	1	0
rpicoo	1	0	1	1	0	1	0	0	0	0	1	0	0	0	1	0	0	0	1	0
quast	10	9	10	10	7	3	7	2	3	7	1	2	2	2	3	8	0	0	1	0
pymsxml	1	1	1	1	0	0	0	0	0	0	1	0	0	0	0	0	0	0	0	0
gatk2_reduce_reads-ip	1	1	1	1	0	1	0	0	0	0	1	1	1	0	0	0	0	0	1	0
metals2	1	1	1	1	0	1	0	0	0	0	1	1	1	0	1	0	0	0	1	0
fregat	1	0	1	1	0	1	0	0	0	0	1	0	0	0	1	0	0	0	1	0
lspr	1	0	1	1	0	1	0	0	0	0	1	0	0	0	1	0	0	0	0	0
galign	1	0	1	1	0	1	0	0	0	0	1	0	0	0	0	1	0	0	1	0
moma-ligpath	1	0	1	1	0	1	0	1	0	0	1	0	0	0	1	0	0	0	1	0
pcrclipreads	1	1	1	1	0	1	1	0	0	0	1	1	1	0	1	1	0	0	1	1
spliceport	1	0	1	1	0	1	0	0	0	0	1	0	0	0	1	0	0	0	1	0
myriads	1	1	1	1	0	1	0	1	0	0	1	0	0	0	1	0	0	0	1	0
vica	1	1	1	1	0	1	0	1	0	0	1	0	0	0	1	1	0	0	1	0
motif-x	1	0	1	1	0	1	0	0	0	0	1	0	0	0	1	0	0	0	1	0
bomp	1	0	1	1	0	1	0	0	0	0	1	0	0	0	1	0	0	0	1	0
refseqget	1	1	1	1	0	1	1	0	0	0	1	1	1	0	1	1	0	0	1	1
vissr	1	0	1	1	0	1	0	0	0	0	1	0	0	0	1	0	0	0	1	0
seal	1	0	1	1	0	1	0	0	0	0	1	0	0	0	1	1	0	0	1	0
proteindecision	1	0	1	1	0	1	0	0	0	0	1	0	0	0	1	0	0	0	0	0
ppiexp	1	1	1	1	0	1	0	0	0	0	1	1	1	0	0	0	0	0	0	1
dexus	6	6	6	6	3	3	6	3	0	3	3	0	0	1	3	6	0	0	3	1
bedtools_intersectbed_bam-ip	1	1	1	1	0	1	0	1	0	0	1	1	1	0	1	0	0	0	1	0
jpredictor	1	0	1	1	0	1	0	0	0	0	1	0	0	0	1	0	0	0	1	0
bamseek	1	0	1	1	0	0	0	0	0	0	1	0	0	0	0	1	0	0	1	0
slidesort-bpr	1	0	1	1	0	1	0	0	0	0	1	0	0	0	1	0	0	0	0	0
amountain	7	7	7	7	4	5	7	3	0	4	3	0	0	1	3	7	0	0	3	1
hawkeye	1	0	1	1	0	1	0	0	0	0	1	0	0	0	0	1	0	0	0	0
sspace	2	1	2	2	0	2	0	1	0	0	1	1	1	1	1	0	0	0	1	0
pscan-chip	1	1	1	1	0	1	0	0	0	0	1	0	0	0	1	0	0	0	0	0
rbde	1	0	1	1	0	1	0	0	0	0	0	0	0	0	0	0	0	0	0	0
tax2tree	1	1	1	1	0	1	0	0	0	0	1	0	0	0	1	0	0	0	0	0
multirnafold	1	0	1	1	0	1	0	0	0	0	1	0	0	0	1	0	0	0	1	0
phenotypesimulator	1	0	1	1	0	1	0	0	0	0	1	0	0	0	1	0	0	0	1	0
iti	1	1	1	1	0	1	0	0	0	0	1	0	0	0	1	0	0	0	0	0
wdl-rf	1	0	1	1	0	1	0	0	0	0	1	0	0	0	1	0	0	0	1	0
phpred	1	0	1	1	0	1	0	0	0	0	1	0	0	0	1	0	0	0	0	0
msprep	1	0	1	1	0	1	0	0	0	0	1	0	0	0	1	0	0	0	1	0
notseq	2	2	2	2	0	1	1	1	1	0	1	2	2	1	2	1	0	0	1	1
wham	2	1	2	2	1	1	1	1	0	0	0	0	0	0	1	2	0	0	1	1
showserver	1	1	1	1	0	1	1	0	0	0	1	0	0	0	1	1	0	0	1	1
methtargetedngs	6	6	6	6	3	4	6	3	0	3	3	2	2	1	3	6	0	0	3	1
alta-cyclic	1	0	1	1	0	1	0	0	0	0	1	0	0	0	1	0	0	0	1	0
microp	1	0	1	1	0	0	0	0	0	0	1	0	0	0	1	0	0	0	1	0
soda	1	0	1	1	0	1	0	0	0	0	1	0	0	0	1	0	0	0	0	0
sambamba	3	2	3	3	2	1	2	1	0	2	1	0	0	0	1	2	0	0	0	1
1000genomes_assembly_converter	1	1	1	1	0	0	0	0	0	0	1	1	1	0	1	0	0	0	1	0
phlawd	1	0	1	1	0	1	0	0	0	0	1	0	0	0	1	0	0	0	0	0
dnazip	1	0	1	1	0	1	0	0	0	0	1	0	0	0	1	1	0	0	1	0
pisa	1	1	1	1	0	1	0	0	0	0	1	0	0	0	1	0	0	0	1	0
ncbi_influenza_virus_sequence_annotation_tool	1	0	1	1	0	1	0	0	0	0	1	0	0	0	1	0	0	0	1	0
cancergenanatomyproj	1	0	1	1	0	1	0	0	0	0	1	0	0	0	1	0	0	0	1	0
efetch_taxon	1	1	1	1	0	0	0	0	0	0	1	0	0	0	1	0	0	0	1	0
haploclique	2	2	2	2	1	1	1	0	0	1	1	0	0	0	1	1	0	0	0	0
cqn	6	6	6	6	3	3	6	3	0	3	3	0	0	1	3	6	0	0	3	1
pinv	1	0	1	1	0	1	0	0	0	0	1	0	0	0	1	0	0	0	0	0
getutr	1	0	1	1	0	1	0	0	0	0	1	0	0	0	1	0	0	0	0	0
pride_toolsuite	2	0	2	2	0	2	0	0	0	0	2	2	2	0	2	0	0	0	0	0
sppg	1	1	1	1	0	1	0	0	0	0	1	1	1	0	0	0	0	0	1	0
shinymethyl	4	4	4	4	2	3	4	3	0	2	3	0	0	1	3	4	0	0	3	3
cogena	5	5	5	5	3	4	5	3	0	2	3	0	0	1	3	5	0	0	3	1
rsem	3	2	3	3	2	2	2	0	0	2	1	0	0	0	1	2	0	0	1	0
tritrypdb	1	0	1	1	0	1	0	1	0	0	1	0	0	0	1	0	0	0	1	0
sachem	1	0	1	1	0	1	0	0	0	0	1	0	0	0	1	1	0	0	1	0
resfinder	1	1	1	1	0	1	0	0	0	0	1	1	1	0	1	1	0	0	1	0
mismax	1	1	1	1	0	1	0	0	0	0	0	0	0	0	0	0	0	0	1	0
impact_s	1	0	1	1	0	1	0	1	0	0	1	0	0	0	1	0	0	0	1	0
generecommender	5	5	5	5	2	4	5	3	0	2	3	0	0	1	3	5	0	0	3	1
prolocgui	4	4	4	4	2	3	4	3	0	1	3	0	0	1	3	4	0	0	3	1
gdtools_validate-ip	1	1	1	1	0	1	0	0	0	0	1	1	1	0	1	0	0	0	1	0
tax4fun	3	1	3	3	0	1	0	1	0	0	1	1	1	0	2	0	0	0	0	0
sigpathway	7	7	7	7	5	5	7	3	0	4	3	0	0	1	3	7	0	0	3	1
quaternaryprod	6	6	6	6	3	3	6	3	0	3	3	0	0	1	3	6	0	0	3	1
correlogo	1	0	1	1	0	1	0	0	0	0	1	0	0	0	1	0	0	0	1	0
smarts	1	0	1	1	0	1	0	0	0	0	1	0	0	0	1	0	0	0	0	0
formatomatic	1	0	1	1	0	1	0	0	0	0	1	0	0	0	1	0	0	0	0	0
mdanalysis	1	0	1	1	0	1	1	0	0	1	1	0	0	0	1	1	0	0	1	1
ponderosa-cs	1	0	1	1	0	1	0	0	0	0	1	0	0	0	1	0	0	0	0	0
speplip	1	0	1	1	0	1	0	0	0	0	1	0	0	0	1	0	0	0	0	0
snpstats	7	7	7	7	4	6	7	3	0	4	3	0	0	1	3	7	0	0	3	1
xenbase	1	0	1	1	0	1	0	0	0	0	1	0	0	0	1	0	0	0	1	0
gemmapper	1	1	1	1	0	1	1	0	0	0	1	1	1	0	1	1	0	0	1	0
matter	7	7	7	7	5	5	7	3	0	4	3	0	0	1	3	7	0	0	3	1
biocarta	1	0	1	1	0	1	0	0	0	0	1	0	0	0	0	0	0	0	1	0
qrank	1	0	1	1	0	1	0	0	0	0	1	0	0	0	1	1	0	0	1	0
bagpipe	1	1	1	1	0	0	0	0	0	0	1	0	0	0	1	0	0	0	0	0
nrpspredictor28273	1	1	1	1	0	1	0	0	0	0	1	0	0	0	1	0	0	0	0	0
psa	1	0	1	1	0	1	0	0	0	0	1	0	0	0	0	0	0	0	0	0
threader	1	0	1	1	0	1	0	1	0	0	1	0	0	0	1	0	0	0	0	0
guide	1	1	1	1	0	1	0	0	0	0	1	0	0	0	1	0	0	0	0	0
shorah	3	2	3	3	2	1	2	0	0	2	1	0	0	0	1	3	0	0	1	0
adgo	1	0	1	1	0	1	0	0	0	0	1	0	0	0	1	0	0	0	1	0
nimefi	1	1	1	1	0	1	0	0	0	0	1	1	1	0	1	0	0	0	1	0
batex	1	1	1	1	0	0	0	0	0	0	1	0	0	0	0	0	0	0	0	0
brca_share	1	0	1	1	0	1	0	0	0	0	1	0	0	0	1	0	0	0	1	0
mybs	1	0	1	1	0	1	0	0	0	0	1	0	0	0	1	0	0	0	1	0
cnaseg	1	1	1	1	0	0	0	0	0	0	1	0	0	0	1	0	0	0	0	0
genepopedit	1	0	1	1	0	1	0	0	0	0	1	0	0	0	1	0	0	0	1	0
dbnp	1	1	1	1	0	1	0	0	0	0	1	0	0	0	1	0	0	0	1	0
pprint	1	0	1	1	0	1	0	0	0	0	1	0	0	0	1	0	0	0	0	0
myexperiment	1	0	1	1	0	1	0	0	0	0	1	0	0	0	1	0	0	0	1	0
pga	3	3	3	3	0	3	3	3	0	0	3	2	2	1	3	3	0	0	3	1
probis-ligands	1	0	1	1	0	1	0	0	0	0	1	0	0	0	1	0	0	0	1	0
spotlight	1	0	1	1	0	1	0	0	0	0	1	0	0	0	1	0	0	0	0	0
glynest_and_casper	1	0	1	1	0	1	0	0	0	0	1	0	0	0	1	0	0	0	0	0
c-state	1	0	1	1	0	1	0	1	0	0	1	0	0	0	1	1	0	0	1	0
tin	5	5	5	5	2	4	5	3	0	2	3	2	2	1	3	5	0	0	3	1
mapquant	1	0	1	1	0	1	0	0	0	0	1	0	0	0	1	0	0	0	0	0
mr-mspolygraph	1	0	1	1	0	1	0	0	0	0	1	0	0	0	1	0	0	0	0	0
crambled	2	0	2	2	0	2	0	0	0	0	0	0	0	0	0	2	0	0	2	0
toppr	1	1	1	1	0	1	0	0	0	0	0	1	1	0	0	0	0	0	1	0
mindboggle	1	0	1	1	0	1	1	0	0	0	1	1	1	0	1	1	0	0	1	0
clusterjudge	2	2	2	2	0	1	2	2	0	1	2	0	0	1	2	2	0	0	2	2
gaml	1	0	1	1	0	1	0	0	0	0	1	0	0	0	1	0	0	0	1	0
readqpcr	6	6	6	6	4	3	6	3	0	3	3	0	0	1	3	6	0	0	3	1
nffinder	1	0	1	1	0	1	0	1	0	0	1	0	0	0	1	0	0	0	1	0
compareprospector	1	0	1	1	0	1	0	0	0	0	1	0	0	0	1	0	0	0	1	0
reps	1	0	1	1	0	1	0	0	0	0	1	0	0	0	1	0	0	0	0	0
zinbwave	4	4	4	4	2	4	4	2	0	3	2	0	0	1	2	4	0	0	2	1
transeq	2	2	2	2	0	1	1	1	1	0	1	2	2	1	2	1	0	0	1	1
caryoscope	1	1	1	1	0	1	0	0	0	0	1	0	0	0	0	0	0	0	0	0
bykdb	1	0	1	1	0	1	0	0	0	0	1	0	0	0	1	0	0	0	1	0
aibench	1	0	1	1	0	1	0	0	0	0	1	0	0	0	1	0	0	0	0	0
transeq-ebi	2	2	2	2	0	2	0	0	0	0	2	2	2	0	2	0	0	0	2	0
dclip	1	0	1	1	0	1	0	0	0	0	1	0	0	0	1	0	0	0	1	0
lsr	1	0	1	1	0	1	0	0	0	0	1	0	0	0	0	0	0	0	0	0
lracluster	1	0	1	1	0	1	0	0	0	0	1	0	0	0	1	0	0	0	1	0
neuron	1	0	1	1	0	1	0	0	0	0	1	0	0	0	1	0	0	0	0	0
tcdb	1	0	1	1	0	1	0	0	0	0	1	1	1	0	1	0	0	0	1	0
ibdseq	2	1	2	2	1	1	1	0	0	1	1	0	0	0	1	2	0	0	0	0
scpsrm	1	0	1	1	0	1	0	0	0	0	1	0	0	0	1	0	0	0	1	0
pear	2	1	2	2	1	2	1	1	1	1	1	1	1	1	2	2	0	0	0	0
hydpred	1	0	1	1	0	1	0	0	0	0	1	0	0	0	1	0	0	0	1	0
annotationdbi	9	9	9	9	7	4	9	3	0	7	3	2	2	1	3	9	0	0	3	1
debrowser	3	3	3	3	1	3	3	3	0	0	3	0	0	1	3	3	0	0	3	1
ccp4mg	1	1	1	1	0	1	0	1	0	0	1	1	1	0	1	0	0	0	1	0
metcirc	6	6	6	6	3	4	6	3	0	3	3	0	0	1	3	6	0	0	3	1
kth-package	1	1	1	1	0	0	0	0	0	0	1	0	0	0	0	0	0	0	0	0
princces	2	0	2	2	0	2	0	0	0	0	2	0	0	0	2	0	0	0	0	0
sdams	2	2	2	2	0	1	2	2	0	1	2	0	0	1	2	2	0	0	2	2
esprit-forest	1	0	1	1	0	1	1	0	0	0	0	1	1	0	1	1	0	0	1	0
fretbursts	1	0	1	1	0	1	0	1	0	0	1	0	0	0	1	1	0	0	1	0
prodomcg_tree	1	1	1	1	0	1	0	0	0	0	1	0	0	0	1	0	0	0	1	0
vipr	3	0	3	3	0	3	0	0	0	0	3	0	0	0	3	0	0	0	3	0
yodel	1	0	1	1	0	1	0	0	0	0	0	0	0	0	0	1	0	0	0	0
allen_brain_atlas-api	1	1	1	1	0	1	0	0	0	0	1	0	0	0	1	0	0	0	1	0
mpbind	1	0	1	1	0	1	0	1	0	0	1	0	0	0	1	0	0	0	1	0
irna-methyl	1	0	1	1	0	1	0	0	0	0	1	0	0	0	1	0	0	0	1	0
nanoj-squirrel	1	0	1	1	0	1	1	1	0	0	0	1	1	0	1	1	0	0	1	0
swalign	2	1	2	2	1	0	1	0	0	1	0	0	0	0	0	2	0	0	0	0
chimerdb	1	0	1	1	0	1	0	0	0	0	1	0	0	0	0	0	0	0	1	0
mowserv	1	1	1	1	0	1	1	0	0	0	1	0	0	0	1	1	0	0	1	1
cstminer	1	0	1	1	0	1	0	0	0	0	1	0	0	0	0	0	0	0	1	0
sa-mot	1	0	1	1	0	1	0	0	0	0	1	0	0	0	1	0	0	0	1	0
enologos	1	0	1	1	0	1	0	0	0	0	1	0	0	0	1	0	0	0	1	0
model	1	1	1	1	0	1	0	0	0	0	1	1	1	0	1	0	0	0	1	0
motifsuite	1	1	1	1	0	1	0	0	0	0	1	1	1	0	1	0	0	0	1	0
nuclitrack	1	0	1	1	0	1	0	0	0	0	1	0	0	0	1	0	0	0	1	0
sagenhaft	6	6	6	6	4	4	6	3	0	3	3	0	0	1	3	6	0	0	3	1
constax	1	0	1	1	0	1	0	1	0	0	1	0	0	0	1	0	0	0	1	0
sativa	1	0	1	1	0	1	0	0	0	0	1	0	0	0	1	0	0	0	0	0
modfold4	1	0	1	1	0	1	0	0	0	0	1	0	0	0	1	0	0	0	1	0
irespred	1	0	1	1	0	1	0	0	0	0	1	0	0	0	1	0	0	0	0	0
survcurve	1	1	1	1	0	1	0	0	0	0	1	0	0	0	1	0	0	0	1	0
chipexoqual	2	2	2	2	1	1	2	2	0	1	2	0	0	1	2	2	0	0	2	2
list_ontologies	1	1	1	1	0	0	0	0	0	0	1	0	0	0	1	0	0	0	1	0
heidi	1	0	1	1	0	1	0	0	0	0	1	0	0	0	1	0	0	0	1	0
insdc	1	0	1	1	0	1	0	0	0	0	1	1	1	0	1	0	0	0	1	0
pqpq	1	1	1	1	0	1	0	0	0	0	1	1	1	0	1	0	0	0	1	0
inmex	1	0	1	1	0	1	0	0	0	0	1	0	0	0	1	0	0	0	1	0
freesurfer	1	1	1	1	0	1	1	1	0	1	1	0	0	0	1	1	0	0	1	1
spotpy	1	0	1	1	0	1	0	0	0	0	1	0	0	0	1	1	0	0	1	1
ndb_tools	1	0	1	1	0	1	0	0	0	0	1	0	0	0	1	0	0	0	1	0
cfm-id	1	0	1	1	0	1	0	0	0	0	1	0	0	0	1	0	0	0	1	0
procon	1	1	1	1	0	1	1	0	0	0	1	1	1	0	1	1	0	0	1	1
uniprotkb	1	0	1	1	0	1	1	0	0	0	1	0	0	0	1	1	0	0	1	1
muscle_ws_jabaws	1	1	1	1	0	1	0	1	0	0	1	0	0	0	1	0	0	0	1	0
pops	1	0	1	1	0	1	0	0	0	0	0	0	0	0	0	0	0	0	0	0
cghregions	6	6	6	6	3	4	6	3	0	3	3	0	0	1	3	6	0	0	3	1
sequence_harmony	1	0	1	1	0	1	0	0	0	0	1	0	0	0	1	0	0	0	1	0
reportingtools	5	5	5	5	2	3	5	3	0	2	3	2	2	1	3	5	0	0	3	1
cddapp	1	0	1	1	0	1	0	1	0	0	1	0	0	0	1	0	0	0	0	0
indigo	1	0	1	1	0	1	0	0	0	0	1	0	0	0	1	0	0	0	1	0
bober	1	0	1	1	0	1	0	0	0	0	1	0	0	0	1	0	0	0	1	0
affyilm	6	6	6	6	3	4	6	3	0	3	3	0	0	1	3	6	0	0	3	1
simap_ws	1	1	1	1	0	1	0	0	0	0	0	0	0	0	1	0	0	0	1	0
geseq	1	1	1	1	0	1	0	0	0	0	1	1	1	0	1	0	0	0	1	0
speci	2	2	2	2	0	2	2	0	0	0	2	2	2	0	2	2	0	0	2	0
a4base	5	5	5	5	2	4	5	3	0	2	3	0	0	1	3	5	0	0	3	1
ribo	1	0	1	1	0	1	0	0	0	0	1	0	0	0	1	0	0	0	0	0
rabit	1	0	1	1	0	1	0	0	0	0	1	0	0	0	1	0	0	0	0	0
sushi	6	6	6	6	3	4	6	3	0	3	3	0	0	1	3	6	0	0	3	1
circosvcf	1	0	1	1	0	1	0	0	0	0	1	0	0	0	1	0	0	0	1	0
stretcher-api-ebi	1	1	1	1	0	1	0	0	0	0	1	0	0	0	1	0	0	0	1	0
bridge	6	6	6	6	3	5	6	3	0	3	3	0	0	1	3	6	0	0	3	1
ritan	2	2	2	2	0	1	2	2	0	1	2	0	0	1	2	2	0	0	2	2
mzid	6	6	6	6	3	4	6	3	0	3	3	0	0	1	3	6	0	0	3	1
diseases	1	0	1	1	0	1	1	0	0	0	1	1	1	0	0	1	0	0	1	0
mapdia	3	2	3	3	2	3	2	0	0	2	1	0	0	0	1	2	0	0	1	0
sim4	1	0	1	1	0	1	0	0	0	0	1	0	0	0	1	0	0	0	1	0
sinchet	1	0	1	1	0	1	0	0	0	0	1	0	0	0	1	0	0	0	1	0
zlibbioc	10	10	10	10	9	5	10	3	0	8	3	0	0	0	3	10	0	0	3	1
stochdecomp	1	0	1	1	0	1	0	0	0	0	1	0	0	0	1	0	0	0	0	0
multifit	1	0	1	1	0	1	0	0	0	0	1	0	0	0	1	0	0	0	1	0
carpools	1	0	1	1	0	1	0	0	0	0	1	0	0	0	1	0	0	0	0	0
proteomedigestsim	1	0	1	1	0	1	1	0	0	0	1	1	1	0	1	0	0	0	0	0
darc_site	1	0	1	1	0	1	0	0	0	0	1	0	0	0	0	0	0	0	1	0
mupet	1	0	1	1	0	1	0	1	0	0	1	0	0	0	1	1	0	0	1	0
gorilla	1	0	1	1	0	1	0	0	0	0	1	0	0	0	1	0	0	0	0	0
ramona	1	0	1	1	0	1	0	0	0	0	1	0	0	0	1	0	0	0	0	0
kcmbt	1	0	1	1	0	1	0	0	0	0	1	0	0	0	1	0	0	0	1	0
orphadata	3	0	3	3	0	3	0	0	0	0	3	3	3	0	3	0	0	0	3	0
circlncrnanet	1	0	1	1	0	1	0	0	0	0	1	0	0	0	1	1	0	0	1	0
fluxviz	1	0	1	1	0	1	0	0	0	0	1	0	0	0	1	0	0	0	0	0
snp_hitlink	1	1	1	1	0	1	0	1	0	0	1	0	0	0	1	0	0	0	0	0
gesper	3	3	3	3	1	3	3	3	0	0	3	2	2	1	3	3	0	0	3	1
ipsa	1	1	1	1	0	1	1	0	0	0	1	1	1	0	1	0	0	0	1	1
starmir	1	0	1	1	0	1	0	1	0	0	1	0	0	0	1	0	0	0	1	0
prognoscan	1	0	1	1	0	1	0	0	0	0	1	0	0	0	0	0	0	0	1	0
clustalo_ws_jabaws	1	1	1	1	0	1	0	1	0	0	1	0	0	0	1	0	0	0	1	0
rnaseqr	1	0	1	1	0	1	0	0	0	0	1	0	0	0	1	0	0	0	1	0
bioruby	1	1	1	1	0	1	0	1	0	0	1	0	0	0	1	0	0	0	1	0
amigene	1	0	1	1	0	1	0	0	0	0	1	0	0	0	1	0	0	0	1	0
malakite	1	0	1	1	0	1	0	0	0	0	1	0	0	0	1	0	0	0	1	0
lightdock	1	1	1	1	0	1	0	1	0	0	1	1	1	0	1	1	0	0	1	1
wossoperation	1	1	1	1	0	1	1	0	0	0	1	0	0	0	1	1	0	0	1	1
goseq	8	8	8	8	5	4	7	4	1	5	3	1	1	2	4	7	0	0	3	1
m2lite	1	0	1	1	0	1	0	0	0	0	1	0	0	0	1	0	0	0	0	0
vitapad	1	0	1	1	0	1	0	0	0	0	1	0	0	0	1	0	0	0	0	0
pathexpand	1	0	1	1	0	1	0	0	0	0	1	0	0	0	1	0	0	0	0	0
pasmet	1	0	1	1	0	1	0	1	0	0	1	0	0	0	1	0	0	0	0	0
neuromatic	1	1	1	1	0	1	0	0	0	0	1	0	0	0	1	0	0	0	1	0
lnsignal	1	0	1	1	0	1	0	0	0	0	1	0	0	0	1	0	0	0	0	0
empprior	1	1	1	1	0	1	0	1	0	0	1	0	0	0	1	1	0	0	1	0
vidger	2	2	2	2	1	1	2	2	0	1	2	0	0	1	2	2	0	0	2	1
matcol	1	0	1	1	0	1	0	0	0	0	1	0	0	0	0	0	0	0	1	0
jdinac	1	0	1	1	0	1	0	0	0	0	1	0	0	0	1	0	0	0	1	0
arguslab	1	1	1	1	0	0	0	0	0	0	1	0	0	0	0	0	0	0	0	0
msoar	1	1	1	1	0	1	0	0	0	0	1	0	0	0	1	0	0	0	0	0
pepwindowall	2	2	2	2	0	1	1	1	0	0	1	1	2	1	2	1	0	0	1	1
indecut	1	0	1	1	0	1	0	0	0	0	1	0	0	0	1	0	0	0	1	0
europe_pmc_orcid_tool	1	1	1	1	0	1	0	0	0	0	1	0	0	0	1	0	0	0	1	0
metassembler	1	0	1	1	0	1	0	0	0	0	1	0	0	0	1	0	0	0	1	0
re-music	1	0	1	1	0	1	0	0	0	0	1	0	0	0	1	0	0	0	1	0
gosemsim	10	10	10	10	8	3	10	3	0	9	3	2	2	1	3	10	0	0	3	1
preciseprimer	1	0	1	1	0	1	0	0	0	0	1	0	0	0	1	0	0	0	0	0
nanostringnorm	3	2	3	3	2	1	2	0	0	2	1	0	0	0	1	2	0	0	1	0
wenmr	1	1	1	1	0	1	0	0	0	0	1	0	0	0	1	0	0	0	1	0
hicplotter_beta	1	0	1	1	0	1	0	0	0	0	1	0	0	0	1	0	0	0	1	0
haploconfig	1	0	1	1	0	1	0	1	0	0	1	0	0	0	1	0	0	0	1	0
ippi	1	0	1	1	0	1	0	0	0	0	1	0	0	0	1	0	0	0	0	0
rcy3	4	4	4	4	3	2	4	2	0	3	2	0	0	1	2	4	0	0	2	2
patmatch	1	0	1	1	0	1	0	0	0	0	1	0	0	0	0	0	0	0	1	0
phylommand	2	0	2	2	0	2	0	0	0	0	2	2	2	0	0	2	0	0	0	0
sam	2	1	2	2	1	1	1	1	0	1	1	0	0	0	1	1	0	0	0	0
assist_v1-_active_site_similarity_search_tool	1	0	1	1	0	1	0	0	0	0	1	0	0	0	0	0	0	0	0	0
protegen	1	0	1	1	0	1	0	0	0	0	1	0	0	0	1	0	0	0	1	0
bionimbus	1	0	1	1	0	1	0	0	0	0	1	0	0	0	0	0	0	0	1	0
weblab	1	0	1	1	0	1	0	0	0	0	1	0	0	0	0	0	0	0	1	0
fastm_ebi	1	1	1	1	0	1	0	0	0	0	1	1	1	0	1	0	0	0	1	0
snpeffect	1	0	1	1	0	1	0	0	0	0	1	0	0	0	1	0	0	0	1	0
myminer	1	0	1	1	0	1	0	0	0	0	1	0	0	0	1	0	0	0	1	0
arts	3	1	3	3	0	1	0	1	0	0	1	1	1	0	2	0	0	0	1	0
sgrp_blast_server	1	0	1	1	0	1	0	0	0	0	1	0	0	0	1	0	0	0	1	0
genenetworkbuilder	4	4	4	4	1	3	4	3	0	1	3	0	0	1	3	4	0	0	3	1
swcuda	1	0	1	1	0	1	0	0	0	0	1	0	0	0	1	0	0	0	0	0
2bwt-builder-ip	1	1	1	1	0	1	0	0	0	0	1	1	1	0	1	0	0	0	1	0
iccare	1	0	1	1	0	1	0	0	0	0	0	0	0	0	0	0	0	0	0	0
foldalign	1	0	1	1	0	1	0	0	0	0	1	0	0	0	1	0	0	0	1	0
yeast_kid	1	0	1	1	0	1	0	0	0	0	1	0	0	0	1	0	0	0	1	0
lpcf	1	0	1	1	0	1	0	0	0	0	1	0	0	0	1	0	0	0	1	0
showpep	1	1	1	1	0	1	1	0	0	0	1	1	1	0	1	1	0	0	1	1
txreginfra	2	2	2	2	0	1	2	2	0	1	2	0	0	1	2	2	0	0	2	2
catalyst	2	2	2	2	1	1	2	2	0	1	2	0	0	1	2	2	0	0	2	2
maketssdist-ip	1	1	1	1	0	1	0	0	0	0	1	1	1	0	0	0	0	0	1	0
ensembl_mouse_genome_browser	1	0	1	1	0	1	0	0	0	0	1	0	0	0	1	0	0	0	1	0
sampledrift	1	0	1	1	0	1	0	0	0	0	1	0	0	0	1	0	0	0	1	0
evoker	1	1	1	1	0	0	0	0	0	0	1	0	0	0	1	0	0	0	0	0
genscalpel	1	0	1	1	0	1	0	0	0	0	1	0	0	0	1	0	0	0	0	0
project	1	1	1	1	0	0	1	0	0	0	1	0	0	0	1	1	0	0	1	0
gvista	1	0	1	1	0	1	0	0	0	0	1	0	0	0	1	1	0	0	0	0
q-nexus	1	1	1	1	0	1	0	1	0	0	1	0	0	0	1	1	0	0	1	1
predictivenetworks	1	0	1	1	0	1	0	0	0	0	1	0	0	0	0	0	0	0	1	0
mpa_portable	2	1	2	2	1	1	1	0	0	1	1	0	0	0	1	1	0	0	1	0
switchdna	1	0	1	1	0	1	0	1	0	0	1	0	0	0	1	0	0	0	0	0
fishalyser	6	6	6	6	3	4	6	3	0	3	3	0	0	1	3	6	0	0	3	1
tbi	1	0	1	1	0	1	0	1	0	0	1	0	0	0	1	0	0	0	0	0
mspire-simulator	1	0	1	1	0	1	0	0	0	0	1	1	1	0	1	1	0	0	1	0
rd-connect_sample_catalogue	1	0	1	1	0	1	0	0	0	0	0	0	0	0	0	0	0	0	0	0
fastme	3	3	3	3	1	3	2	2	2	1	2	3	3	2	3	2	0	0	2	0
eprimer32	1	1	1	1	0	1	1	0	0	0	1	1	1	0	1	1	0	0	1	1
ensembleclust	1	1	1	1	0	1	0	0	0	0	1	0	0	0	1	0	0	0	0	0
knime4bio	1	0	1	1	0	1	0	0	0	0	1	0	0	0	1	1	0	0	1	0
topgo	8	8	8	8	5	4	7	4	1	5	3	1	1	2	4	7	0	0	3	1
gatefinder	2	2	2	2	0	2	2	2	0	1	2	0	0	1	2	2	0	0	2	2
gpu3snp	1	1	1	1	0	0	0	0	0	0	1	0	0	0	0	0	0	0	0	0
webprank	1	1	1	1	0	1	0	0	0	0	1	1	1	0	1	0	0	0	1	0
pass	1	1	1	1	0	1	0	1	0	0	1	0	0	0	1	1	0	0	1	0
globplot_ws_jabaws	1	1	1	1	0	1	0	1	0	0	1	0	0	0	1	0	0	0	1	0
histocat	1	0	1	1	0	1	1	0	0	0	1	1	1	0	1	1	0	0	0	0
cufflinks	2	1	2	2	1	2	1	2	1	1	1	1	1	1	2	2	0	0	1	0
rnaclust	1	1	1	1	1	0	1	0	0	1	1	0	0	0	1	1	0	0	0	0
snptracker	2	0	2	2	0	2	0	0	0	0	2	0	0	0	2	0	0	0	0	0
tppred_2.0	2	2	2	2	0	2	2	2	0	0	2	2	2	0	2	0	0	0	2	0
wasp	1	0	1	1	0	1	0	0	0	0	1	0	0	0	0	0	0	0	1	0
phobius	1	1	1	1	0	1	0	0	0	0	1	1	1	0	1	0	0	0	1	0
iprstats	1	1	1	1	0	0	0	0	0	0	1	0	0	0	1	0	0	0	0	0
breakseq	1	0	1	1	0	1	0	0	0	0	1	0	0	0	1	0	0	0	1	0
959_nematode_genomes	1	0	1	1	0	1	0	0	0	0	1	0	0	0	0	0	0	0	1	0
phenotator	1	1	1	1	0	1	0	0	0	0	1	0	0	0	1	0	0	0	1	0
fnv	2	0	2	2	0	2	0	0	0	0	2	0	0	0	2	0	0	0	0	0
mtdfreml	1	0	1	1	0	1	0	1	0	0	1	0	0	0	1	1	0	0	0	0
netcomm	1	0	1	1	0	1	0	1	0	0	1	0	0	0	1	0	0	0	0	0
ccpdb	1	0	1	1	0	1	0	0	0	0	1	0	0	0	1	0	0	0	1	0
specter	2	0	2	2	0	2	2	0	0	0	0	2	2	0	2	0	0	0	2	0
yeast-deletion-library-tools	1	0	1	1	0	1	0	0	0	0	1	0	0	0	1	1	0	0	1	1
confocalgn	1	1	1	1	0	1	0	0	0	0	1	0	0	0	1	1	0	0	1	0
fdrame	4	4	4	4	1	3	4	3	0	1	3	0	0	1	3	4	0	0	3	1
3funmap	1	1	1	1	0	1	0	0	0	0	1	0	0	0	1	0	0	0	0	0
chimerascan	2	1	2	2	0	1	0	1	2	0	1	1	1	0	1	1	0	0	1	0
allen_brain_atlas	1	0	1	1	0	1	0	0	0	0	1	0	0	0	1	0	0	0	1	0
genvision	1	0	1	1	0	1	0	0	0	0	1	0	0	0	1	0	0	0	1	0
gbif_taxon_ws	1	1	1	1	0	0	0	0	0	0	1	0	0	0	1	0	0	0	1	0
needle_ws_husar	1	1	1	1	0	1	0	0	0	0	1	0	0	0	1	0	0	0	1	0
qtltools	1	0	1	1	0	1	0	0	0	0	1	0	0	0	1	1	0	0	1	0
limani	1	1	1	1	0	1	0	0	0	0	1	1	1	0	1	0	0	0	1	0
masive	1	1	1	1	0	1	0	0	0	0	1	0	0	0	1	0	0	0	0	0
readw	1	0	1	1	0	0	0	0	0	0	1	0	0	0	1	0	0	0	0	0
temp	1	0	1	1	0	1	0	0	0	0	1	0	0	0	1	0	0	0	0	0
dr.bind	1	0	1	1	0	1	0	0	0	0	1	0	0	0	1	0	0	0	0	0
pview	1	0	1	1	0	1	1	0	0	0	1	0	0	0	1	0	0	0	1	0
ppfold	1	1	1	1	0	1	0	0	0	0	1	0	0	0	1	0	0	0	1	0
supercyp	1	0	1	1	0	1	0	0	0	0	1	0	0	0	1	0	0	0	1	0
t-bio.info	1	1	1	1	0	0	0	0	0	0	1	1	1	0	1	0	0	0	0	0
tfcheckpoint	1	0	1	1	0	1	0	0	0	0	1	0	0	0	1	0	0	0	1	0
frogs_affiliations_stat-ip	1	1	1	1	0	1	0	0	0	0	1	1	1	0	1	0	0	0	1	0
cyana	1	1	1	1	0	1	0	0	0	0	1	0	0	0	1	0	0	0	1	0
scorecons	1	1	1	1	0	1	0	0	0	0	1	0	0	0	1	0	0	0	1	0
sherenga	1	0	1	1	0	1	0	0	0	0	0	0	0	0	0	0	0	0	0	0
predictprotein_open	1	1	1	1	0	1	0	0	0	0	1	1	1	0	1	1	0	0	1	0
rtnsurvival	2	2	2	2	0	2	2	2	0	1	2	0	0	1	2	2	0	0	2	2
grnsight	1	1	1	1	0	1	1	0	0	0	1	0	0	0	1	1	0	0	1	1
mirtarbase	1	0	1	1	0	1	0	0	0	0	1	0	0	0	1	0	0	0	1	0
multipow	1	0	1	1	0	1	0	0	0	0	1	0	0	0	1	0	0	0	1	0
scotty	1	0	1	1	0	1	0	0	0	0	1	0	0	0	1	0	0	0	0	0
singlecelltk	2	2	2	2	1	2	2	2	0	1	2	0	0	1	2	2	0	0	2	1
prephappy	1	1	1	1	0	0	0	0	0	0	1	0	0	0	1	0	0	0	0	0
pombase_data_slicer	1	1	1	1	0	1	0	0	0	0	1	1	1	0	1	0	0	0	1	0
sel.ts.area	1	1	1	1	0	1	0	0	0	0	1	0	0	0	1	0	0	0	1	0
nearender	1	0	1	1	0	1	0	1	0	0	1	0	0	0	1	0	0	0	1	0
bna	1	1	1	1	0	1	0	0	0	0	1	0	0	0	1	0	0	0	0	0
fastafilecomparer	1	1	1	1	0	0	0	0	0	0	1	0	0	0	0	0	0	0	0	0
svaplsseq	5	5	5	5	2	4	5	3	0	2	3	0	0	1	3	5	0	0	3	1
maf	1	0	1	1	0	1	0	1	0	0	1	0	0	0	1	0	0	0	1	0
mircomb	1	0	1	1	0	1	0	0	0	0	1	0	0	0	1	0	0	0	1	0
genie_cbdm	1	0	1	1	0	1	0	0	0	0	1	0	0	0	1	0	0	0	1	0
sabbac	1	0	1	1	0	1	0	0	0	0	0	0	0	0	0	0	0	0	0	0
rnabindr	1	0	1	1	0	1	0	1	0	0	1	0	0	0	1	0	0	0	1	0
gw-sem	1	0	1	1	0	1	0	1	0	0	1	0	0	0	1	0	0	0	0	0
pipasic	1	0	1	1	0	1	0	0	0	0	1	0	0	0	1	0	0	0	0	0
geoss	1	0	1	1	0	1	0	0	0	0	1	0	0	0	1	0	0	0	0	0
e1ds	1	0	1	1	0	1	0	0	0	0	1	0	0	0	0	0	0	0	1	0
pipelinedog	1	0	1	1	0	1	0	0	0	0	1	0	0	0	1	0	0	0	1	0
freescore	1	0	1	1	0	1	0	0	0	0	1	0	0	0	0	0	0	0	0	0
mirconnx	1	0	1	1	0	1	0	0	0	0	0	0	0	0	0	0	0	0	0	0
sam-t08	1	0	1	1	0	1	0	0	0	0	1	0	0	0	0	0	0	0	1	0
preppitar	1	0	1	1	0	1	0	0	0	0	1	0	0	0	1	0	0	0	0	0
scran	7	7	7	7	4	3	7	3	0	4	3	0	0	1	3	7	0	0	3	1
bacteriome.org	1	0	1	1	0	1	0	0	0	0	1	0	0	0	1	0	0	0	1	0
kininfor	1	0	1	1	0	1	0	0	0	0	1	0	0	0	1	0	0	0	1	0
ssea	1	1	1	1	0	1	0	0	0	0	1	0	0	0	1	0	0	0	0	0
locas	1	0	1	1	0	1	0	1	0	0	1	0	0	0	1	0	0	0	1	0
gatk2_variant_recalibrator-ip	1	1	1	1	0	1	0	0	0	0	1	1	1	0	1	0	0	0	1	0
speed	1	0	1	1	0	1	0	0	0	0	1	0	0	0	1	0	0	0	1	0
grapple	1	0	1	1	0	1	0	0	0	0	1	0	0	0	1	0	0	0	1	0
proftmb	2	2	2	2	0	2	2	0	0	0	2	2	2	0	2	2	0	0	2	2
qridge	1	0	1	1	0	0	0	0	0	0	1	0	0	0	0	0	0	0	1	0
dambe7	1	0	1	1	0	1	0	0	0	0	1	0	0	0	1	0	0	0	1	0
multibreak-sv	1	0	1	1	0	1	0	0	0	0	1	0	0	0	1	0	0	0	1	0
msclust	1	1	1	1	0	1	0	0	0	0	1	0	0	0	1	0	0	0	0	0
netmatch	1	0	1	1	0	1	0	0	0	0	1	0	0	0	1	0	0	0	1	0
red-ml	1	0	1	1	0	1	0	0	0	0	1	0	0	0	1	1	0	0	1	0
mggp	1	0	1	1	0	1	0	0	0	0	1	0	0	0	1	0	0	0	1	0
uniqueprot	1	0	1	1	0	1	0	0	0	0	1	0	0	0	1	0	0	0	1	0
cerec	1	1	1	1	0	1	0	0	0	0	1	0	0	0	1	0	0	0	0	0
nanomark	1	0	1	1	0	1	0	0	0	0	1	0	0	0	1	0	0	0	1	0
synlinker	1	0	1	1	0	1	0	0	0	0	1	0	0	0	1	0	0	0	0	0
gdsctools	3	2	3	3	2	1	2	0	0	2	1	0	0	0	1	2	0	0	1	0
add_fasta_sequence_length-ip	1	1	1	1	0	1	0	0	0	0	1	1	1	0	1	0	0	0	1	0
qgene	1	1	1	1	0	1	0	1	0	0	1	0	0	0	1	0	0	0	0	0
shinysispa	2	0	2	2	0	2	0	0	0	0	2	0	0	0	0	0	0	0	0	2
intpred	1	0	1	1	0	1	0	0	0	0	1	0	0	0	1	0	0	0	1	0
mongkie	1	0	1	1	0	1	0	1	0	0	1	0	0	0	1	1	0	0	1	1
micc	1	0	1	1	0	1	0	0	0	0	1	0	0	0	1	0	0	0	1	0
patbox	1	0	1	1	0	1	0	1	0	0	1	0	0	0	1	0	0	0	1	0
reptile	1	0	1	1	0	1	0	0	0	0	1	0	0	0	0	1	0	0	1	0
pageman	1	1	1	1	0	1	0	1	0	0	1	0	0	0	1	0	0	0	0	0
seqbuster	5	4	5	5	4	1	4	0	0	3	1	0	0	0	1	4	0	0	1	1
rjmcmcnucleosomes	3	3	3	3	2	2	3	2	0	2	2	0	0	1	2	3	0	0	2	2
ubine	1	0	1	1	0	1	0	0	0	0	1	0	0	0	1	0	0	0	1	0
openspim	1	0	1	1	0	1	0	0	0	0	1	0	0	0	1	0	0	0	0	0
rea	1	1	1	1	0	1	0	0	0	0	1	0	0	0	0	0	0	0	0	0
vcf2diploid	1	0	1	1	0	1	0	0	0	0	1	0	0	0	1	0	0	0	0	0
autoroot	1	0	1	1	0	1	0	0	0	0	1	0	0	0	1	1	0	0	1	0
whatshap	7	7	7	7	7	3	7	0	0	7	1	0	0	0	1	7	0	0	1	0
spirpro	2	0	2	2	0	2	0	0	0	0	2	2	2	0	2	0	0	0	2	0
biouml	1	0	1	1	0	1	0	0	0	0	1	0	0	0	1	0	0	0	0	0
genomicfiles	5	5	5	5	2	4	5	3	0	2	3	0	0	1	3	5	0	0	3	1
icheck	3	3	3	3	0	3	3	3	0	0	3	0	0	1	3	3	0	0	3	1
prowl	1	0	1	1	0	1	0	0	0	0	1	0	0	0	1	0	0	0	1	0
plasso	1	0	1	1	0	1	0	0	0	0	1	0	0	0	1	0	0	0	0	0
homer-a	1	1	1	1	0	1	0	0	0	0	1	0	0	0	1	0	0	0	1	0
contra	1	0	1	1	0	1	0	0	0	0	1	0	0	0	1	1	0	0	1	0
chngpt	1	1	1	1	0	1	0	1	0	0	1	0	0	0	1	1	0	0	1	0
crosslinkwgcna	1	0	1	1	0	1	0	0	0	0	0	0	0	0	0	0	0	0	0	0
gtrellis	5	5	5	5	3	3	5	3	0	2	3	2	2	1	3	5	0	0	3	1
ligap	1	0	1	1	0	1	0	0	0	0	1	0	0	0	1	0	0	0	1	0
retentionprediction	1	0	1	1	0	1	0	0	0	0	1	0	0	0	1	0	0	0	0	0
lymanalyzer	1	0	1	1	0	1	0	0	0	0	1	0	0	0	1	0	0	0	1	0
nhphyml	1	0	1	1	0	1	0	0	0	0	1	0	0	0	1	0	0	0	1	0
abmapper	1	0	1	1	0	1	0	0	0	0	1	0	0	0	1	0	0	0	1	0
easyfig	1	0	1	1	0	1	0	1	0	0	1	0	0	0	1	1	0	0	1	0
seqcluster	2	2	2	2	2	1	2	0	0	1	1	1	1	0	1	2	0	0	1	2
biodataome	1	0	1	1	0	0	0	0	0	0	1	0	0	0	1	0	0	0	0	0
gatk	5	5	5	5	3	2	3	1	0	0	1	1	1	1	1	3	0	0	1	0
cometa	1	0	1	1	0	1	0	0	0	0	1	0	0	0	1	1	0	0	1	0
bioplex_2.0	1	0	1	1	0	1	1	0	0	0	1	1	1	0	0	0	0	0	1	0
expression_profiler	1	0	1	1	0	1	0	0	0	0	0	0	0	0	0	0	0	0	0	0
gdsfmt	6	6	6	6	4	3	6	3	0	3	3	2	2	1	3	6	0	0	3	1
redemption	1	0	1	1	0	1	0	0	0	0	1	0	0	0	1	0	0	0	1	0
sadmama	1	1	1	1	0	1	0	0	0	0	1	0	0	0	1	0	0	0	0	0
rgreat	6	6	6	6	4	2	6	3	0	3	3	2	2	1	3	6	0	0	3	1
mmseqs	1	0	1	1	0	1	0	0	0	0	1	0	0	0	1	0	0	0	1	0
roi_filter-ip	1	1	1	1	0	1	0	0	0	0	1	1	1	0	1	0	0	0	1	0
vennpainter	1	0	1	1	0	1	0	1	0	0	1	0	0	0	1	1	0	0	1	0
genoexp	1	0	1	1	0	1	0	0	0	0	1	0	0	0	1	0	0	0	0	0
emage	1	0	1	1	0	1	0	0	0	0	1	0	0	0	1	0	0	0	1	0
combrex	1	0	1	1	0	1	0	0	0	0	0	0	0	0	1	0	0	0	1	0
snpversity	1	0	1	1	0	1	0	0	0	0	1	0	0	0	1	0	0	0	1	0
ppic9	1	0	1	1	0	1	0	0	0	0	1	0	0	0	1	0	0	0	0	0
arraytv	3	3	3	3	0	3	3	3	0	0	3	0	0	1	3	3	0	0	3	1
aresite	1	1	1	1	0	1	0	0	0	0	1	0	0	0	1	0	0	0	1	0
alexa-seq	1	0	1	1	0	1	0	1	0	0	1	0	0	0	1	1	0	0	1	0
redi	1	0	1	1	0	1	0	0	0	0	1	0	0	0	1	0	0	0	0	0
archcandy	1	0	1	1	0	1	0	0	0	0	1	0	0	0	1	0	0	0	1	0
hmrfbayeshic	1	0	1	1	0	1	0	1	0	0	1	0	0	0	1	0	0	0	1	0
ganesh	1	1	1	1	0	1	0	0	0	0	1	1	1	0	1	0	0	0	1	0
ambit-smirks	1	0	1	1	0	1	0	0	0	0	1	0	0	0	1	1	0	0	1	0
proteinprophet	1	0	1	1	0	1	0	0	0	0	1	1	1	0	1	0	0	0	1	0
mindel	1	0	1	1	0	1	0	1	0	0	1	1	1	0	1	0	0	0	1	0
gold	1	0	1	1	0	1	0	0	0	0	1	0	0	0	1	0	0	0	0	0
samtools_flagstat-ip	1	1	1	1	0	1	0	0	0	0	1	1	1	0	1	0	0	0	1	0
pegasys	1	0	1	1	0	1	0	0	0	0	1	0	0	0	1	0	0	0	1	0
belvu	1	1	1	1	0	1	0	0	0	0	1	1	1	0	1	0	0	0	1	0
bystro	1	0	1	1	0	1	0	0	0	0	1	0	0	0	1	0	0	0	1	0
valtrendsdb	1	0	1	1	0	1	0	0	0	0	1	1	1	0	1	0	0	0	1	0
pathvisio	1	0	1	1	0	1	0	1	0	0	1	0	0	0	1	0	0	0	1	0
bbseq	1	0	1	1	0	1	0	1	0	0	1	1	1	0	1	0	0	0	1	0
vienna-ptm	1	0	1	1	0	1	0	1	0	0	1	0	0	0	1	0	0	0	1	0
presartools-ip	1	1	1	1	0	1	0	0	0	0	1	1	1	0	1	0	0	0	1	0
cdrom	1	0	1	1	0	1	0	0	0	0	1	0	0	0	1	0	0	0	1	0
geneexpressionsignature	3	3	3	3	0	3	3	3	0	0	3	0	0	1	3	3	0	0	3	1
snooper	1	0	1	1	0	1	1	0	0	0	1	0	0	0	1	1	0	0	1	0
mpmap	1	1	1	1	0	0	0	0	0	0	1	0	0	0	0	0	0	0	0	0
xmrf	1	0	1	1	0	1	0	1	0	0	1	0	0	0	1	1	0	0	1	0
tilingarray	4	4	4	4	1	3	4	3	0	1	3	0	0	1	3	4	0	0	3	1
scalpel	2	1	2	2	1	1	1	1	0	1	1	0	0	0	1	1	0	0	0	0
agotool	1	1	1	1	0	1	0	0	0	0	1	0	0	0	1	0	0	0	1	0
better_bunny	1	0	1	1	0	1	0	0	0	0	0	0	0	0	1	0	0	0	1	0
rclick	1	0	1	1	0	1	0	0	0	0	1	0	0	0	1	0	0	0	0	0
acdc	1	1	1	1	0	1	1	0	0	0	1	0	0	0	1	1	0	0	1	1
taxonomy_krona_chart-ip	1	1	1	1	0	1	0	0	0	0	1	1	1	0	1	0	0	0	1	0
mica-aligner	1	0	1	1	0	1	0	0	0	0	1	0	0	0	1	0	0	0	0	0
bujnicki_lab_tools	1	1	1	1	0	1	0	0	0	0	1	0	0	0	1	0	0	0	1	0
tpwy	1	0	1	1	0	0	0	0	0	0	1	0	0	0	1	0	0	0	1	0
metaneighbor	2	2	2	2	0	2	2	2	0	1	2	0	0	1	2	2	0	0	2	2
exome_variant_server_esp	1	0	1	1	0	1	0	1	0	0	1	0	0	0	1	0	0	0	0	0
readxplorer	1	1	1	1	0	1	1	0	0	0	1	1	1	0	1	1	0	0	1	0
rnapredator	1	0	1	1	0	1	0	0	0	0	1	0	0	0	1	0	0	0	1	0
cnanova	1	1	1	1	0	0	0	0	0	0	1	0	0	0	1	0	0	0	0	0
bio2midi	1	1	1	1	0	0	0	0	0	0	1	0	0	0	1	0	0	0	0	0
a-game	1	1	1	1	0	1	0	0	0	0	0	0	0	0	0	0	0	0	1	0
dima_3.0	1	0	1	1	0	1	0	0	0	0	1	0	0	0	1	0	0	0	1	0
pubmed_central	1	0	1	1	0	1	0	0	0	0	1	0	0	0	1	0	0	0	1	0
omnibiomarker	1	0	1	1	0	1	0	0	0	0	1	0	0	0	1	0	0	0	1	0
chinook	1	0	1	1	0	1	0	0	0	0	1	0	0	0	0	0	0	0	1	0
fastml	1	0	1	1	0	1	0	0	0	0	1	0	0	0	1	0	0	0	1	0
pr2align	1	0	1	1	0	1	0	0	0	0	1	0	0	0	1	0	0	0	0	0
upic	1	0	1	1	0	1	0	0	0	0	1	0	0	0	1	0	0	0	0	0
bioparr	1	0	1	1	0	1	0	0	0	0	1	0	0	0	1	0	0	0	1	0
mousebook	1	0	1	1	0	1	0	0	0	0	1	0	0	0	1	0	0	0	0	0
s4vectors	11	11	11	11	9	6	11	3	0	9	3	0	0	1	3	11	0	0	3	1
romprev_0.2.1_beta	1	0	1	1	0	1	0	0	0	0	1	0	0	0	1	0	0	0	0	0
deds	6	6	6	6	3	5	6	3	0	3	3	0	0	1	3	6	0	0	3	1
ut-aki	1	0	1	1	0	1	0	0	0	0	1	0	0	0	0	0	0	0	1	0
stitch	3	0	3	3	0	3	0	0	0	0	3	3	3	0	3	0	0	0	3	0
newt	2	1	2	1	1	1	1	0	0	1	0	0	0	0	0	1	0	0	0	0
fastsnp	1	0	1	1	0	1	0	0	0	0	0	0	0	0	0	0	0	0	0	0
maxsprout	1	1	1	1	0	1	0	0	0	0	1	1	1	0	1	0	0	0	1	0
nrps-pks	1	0	1	1	0	1	0	0	0	0	1	0	0	0	1	0	0	0	1	0
magic_tool	1	1	1	1	0	0	0	1	0	0	1	0	0	0	1	0	0	0	0	0
mega	1	0	1	1	0	1	0	1	0	0	1	0	0	0	1	1	0	0	0	0
cshl_fastx_renamer-ip	1	1	1	1	0	1	0	0	0	0	1	1	1	0	1	0	0	0	1	0
codcopy	1	1	1	1	0	1	1	0	0	0	1	1	1	0	1	1	0	0	1	1
gmrp	5	5	5	5	2	4	5	3	0	2	3	0	0	1	3	5	0	0	3	1
triforc_database	1	1	1	1	0	0	0	0	0	0	1	1	1	0	1	0	0	0	1	0
longgwas	1	0	1	1	0	1	0	0	0	0	1	0	0	0	1	0	0	0	1	0
papi	6	6	6	6	3	4	6	3	0	3	3	0	0	1	3	6	0	0	3	1
biojs-io-matrix	1	1	1	1	0	1	0	0	0	0	1	0	0	0	1	0	0	0	1	0
toolbox-romano-et-al	2	0	2	2	0	2	2	0	0	0	0	2	2	0	2	2	0	0	2	0
r3d-2-msa	1	0	1	1	0	1	0	0	0	0	1	0	0	0	1	0	0	0	0	0
vadar	1	0	1	1	0	1	0	1	0	0	1	0	0	0	1	0	0	0	1	0
v-pipe	2	0	2	2	0	2	2	2	0	0	2	2	2	0	2	2	0	0	2	2
chimera	1	1	1	1	0	1	0	0	0	0	1	0	0	0	1	0	0	0	1	0
tandem2	1	0	1	1	0	1	0	0	0	0	1	0	0	0	1	0	0	0	0	0
vat	1	0	1	1	0	1	0	1	0	0	0	0	0	0	1	0	0	0	0	0
logicfs	3	3	3	3	0	3	3	3	0	0	3	0	0	1	3	3	0	0	3	1
mrsfast	1	0	1	1	0	1	0	0	0	0	1	0	0	0	1	1	0	0	1	0
cytodx	2	2	2	2	0	1	2	2	0	1	2	0	0	1	2	2	0	0	2	2
oqtans_0.1_beta	1	0	1	1	0	1	0	0	0	0	1	0	0	0	1	0	0	0	1	0
wavepropagator	1	0	1	1	0	1	0	1	0	0	1	0	0	0	1	1	0	0	1	0
valfold	1	0	1	1	0	1	0	0	0	0	1	0	0	0	1	0	0	0	0	0
ensembl_genomes_metazoa_sequence_search	1	1	1	1	0	1	0	0	0	0	1	1	1	0	1	0	0	0	1	0
vardom	1	1	1	1	0	1	0	0	0	0	1	1	1	0	1	1	0	0	1	0
bgt	3	2	3	3	2	1	2	0	0	2	1	0	0	0	1	2	0	0	1	0
proloc-go	1	0	1	1	0	1	0	0	0	0	1	0	0	0	0	0	0	0	0	0
derfinderplot	5	5	5	5	3	3	5	3	0	2	3	2	2	1	3	5	0	0	3	1
shotgun	1	0	1	1	0	0	0	0	0	0	1	0	0	0	1	1	0	0	0	0
introgress	1	1	1	1	0	1	0	0	0	0	1	0	0	0	1	0	0	0	0	0
mkesa	1	1	1	1	0	1	1	0	0	0	1	1	1	0	1	1	0	0	1	1
organism.dplyr	2	2	2	2	0	1	2	2	0	1	2	0	0	1	2	2	0	0	2	2
netprophet	1	1	1	1	0	1	0	0	0	0	0	0	0	0	1	0	0	0	1	0
organisms	1	0	1	1	0	1	1	0	0	0	1	1	1	0	0	1	0	0	1	0
wordmatch_ws_husar	1	1	1	1	0	0	0	0	0	0	0	0	0	0	1	0	0	0	1	0
pgd	1	0	1	1	0	1	0	0	0	0	0	0	0	0	0	0	0	0	0	0
triplex	7	7	7	7	5	3	7	3	0	4	3	0	0	1	3	7	0	0	3	1
phyml-ip	1	1	1	1	0	1	0	1	0	0	1	1	1	0	1	0	0	0	1	0
gpu_mrbayes	1	0	1	1	0	1	0	0	0	0	1	0	0	0	1	0	0	0	1	0
tmhcon	1	1	1	1	0	1	0	0	0	0	1	0	0	0	1	0	0	0	0	0
drfinddata	1	1	1	1	0	1	1	0	0	0	1	0	0	0	1	1	0	0	1	1
mirmap	1	0	1	1	0	1	0	0	0	0	1	0	0	0	1	0	0	0	1	0
tomahaqcompanion	1	1	1	1	0	1	1	1	0	1	1	1	1	0	1	1	0	0	0	0
sylamer	1	1	1	1	0	1	0	0	0	0	1	0	0	0	0	0	0	0	0	0
esefinder	1	0	1	1	0	1	0	0	0	0	1	0	0	0	1	0	0	0	1	0
mesalina	1	1	1	1	0	1	0	0	0	0	0	1	1	0	0	0	0	0	1	0
metaqc	1	1	1	1	0	1	0	1	0	0	1	0	0	0	1	0	0	0	0	0
traser	6	6	6	6	3	4	6	3	0	3	3	2	2	1	3	6	0	0	3	1
mocapy	1	0	1	1	0	1	0	0	0	0	1	0	0	0	1	0	0	0	1	0
mirvial	1	0	1	1	0	1	0	0	0	0	1	0	0	0	1	0	0	0	1	0
glycoep	1	0	1	1	0	1	0	0	0	0	1	0	0	0	1	0	0	0	0	0
shortread	8	8	8	8	6	3	8	3	0	6	3	0	0	1	3	8	0	0	3	1
multipred2	1	0	1	1	0	1	0	0	0	0	1	0	0	0	1	0	0	0	1	0
biosmxpress	1	0	1	1	0	1	0	0	0	0	1	0	0	0	1	0	0	0	1	0
dataanalysis2tpp	1	0	1	1	0	0	1	0	0	0	1	0	0	0	1	1	0	0	1	0
biscap_and_cfdr	1	0	1	1	0	1	0	0	0	0	1	0	0	0	1	0	0	0	0	0
scor	1	0	1	1	0	1	0	0	0	0	1	0	0	0	0	0	0	0	1	0
tumorhpd	1	0	1	1	0	1	0	0	0	0	1	0	0	0	1	0	0	0	0	0
jd2stat	1	0	1	1	0	1	0	1	0	0	1	1	1	0	1	1	0	0	1	0
snoscan	2	1	2	2	1	1	1	0	0	1	1	0	0	0	1	0	0	0	1	0
flowviz	6	6	6	6	4	4	6	3	0	4	3	2	2	1	3	6	0	0	3	1
gstpred	1	0	1	1	0	1	0	0	0	0	1	0	0	0	1	0	0	0	1	0
bc_snpmax	1	0	1	1	0	0	0	0	0	0	1	0	0	0	0	1	0	0	0	0
diprodb	1	0	1	1	0	1	0	0	0	0	1	1	1	0	1	0	0	0	1	0
propores	1	0	1	1	0	1	0	0	0	0	1	0	0	0	1	0	0	0	1	0
rcytoscape	5	5	5	5	3	2	5	2	0	3	2	0	0	0	2	5	0	0	2	0
csaw	10	10	10	9	6	4	9	4	1	6	3	3	3	2	4	9	0	0	3	1
phenobook	1	0	1	1	0	1	0	0	0	0	1	0	0	0	1	0	0	0	1	0
edamname	1	1	1	1	0	1	1	0	0	0	1	0	0	0	1	1	0	0	1	1
redata	1	1	1	1	0	1	1	0	0	0	1	0	0	0	1	1	0	0	1	1
chilibot	1	0	1	1	0	1	0	0	0	0	1	0	0	0	1	0	0	0	1	0
methylflow	1	0	1	1	0	1	0	0	0	0	1	0	0	0	1	0	0	0	1	0
dvd	1	0	1	1	0	0	0	0	0	0	1	0	0	0	1	0	0	0	1	0
rnaalifoldws	1	1	1	1	0	1	0	0	0	0	0	0	0	0	1	0	0	0	1	0
grridge	2	2	2	2	0	2	2	2	0	1	2	0	0	1	2	2	0	0	2	2
drugebility_blast_search	1	1	1	1	0	1	0	0	0	0	1	1	1	0	1	0	0	0	1	0
microscopemage	2	2	2	2	0	2	0	0	0	0	2	0	0	0	2	0	0	0	2	0
whichcyp	1	0	1	1	0	1	0	0	0	0	1	0	0	0	1	0	0	0	1	0
miriam_ws	1	1	1	1	0	1	0	0	0	0	1	0	0	0	1	0	0	0	1	0
featuremap3d	1	0	1	1	0	1	0	0	0	0	1	0	0	0	1	1	0	0	1	0
tlcluster	1	1	1	1	0	0	0	1	0	0	1	0	0	0	1	0	0	0	0	0
vienna_rna_package	1	0	1	1	0	1	0	0	0	0	1	0	0	0	1	0	0	0	1	0
omokage_search	1	0	1	1	0	1	0	0	0	0	1	0	0	0	1	0	0	0	1	0
qgrs-h_predictor	1	0	1	1	0	1	0	0	0	0	1	0	0	0	1	0	0	0	1	0
fqquality-ip	1	1	1	1	0	1	0	0	0	0	0	1	1	0	0	0	0	0	1	0
compil	1	1	1	1	0	1	1	0	0	0	0	1	1	0	0	0	0	0	0	0
align-paths	1	1	1	1	0	1	0	0	0	0	0	0	0	0	1	0	0	0	1	0
catalytic_site_identification	1	0	1	1	0	1	0	0	0	0	0	0	0	0	0	0	0	0	0	0
eugene_hom	1	0	1	1	0	1	0	0	0	0	1	0	0	0	0	0	0	0	1	0
foldhandedness	1	0	1	1	0	1	0	0	0	0	1	0	0	0	1	0	0	0	0	0
3uss	1	0	1	1	0	1	0	0	0	0	1	0	0	0	1	0	0	0	1	0
indelscan	1	0	1	1	0	1	0	0	0	0	0	0	0	0	0	0	0	0	0	0
oma	3	0	3	3	0	3	0	0	0	0	3	3	3	0	3	0	0	0	3	0
pdbfun	1	1	1	1	0	1	0	0	0	0	0	0	0	0	0	0	0	0	1	0
pitufo	1	0	1	1	0	1	0	0	0	0	1	0	0	0	1	0	0	0	0	0
bio_c	1	1	1	1	0	0	0	0	0	0	1	0	0	0	0	0	0	0	0	0
chipinfo	1	0	1	1	0	1	0	0	0	0	0	0	0	0	0	0	0	0	0	0
summarizedexperiment	8	8	8	8	6	4	8	3	0	6	3	2	2	1	3	8	0	0	3	1
variant_ranker	1	0	1	1	0	1	0	0	0	0	1	0	0	0	1	0	0	0	1	0
elastodb	1	0	1	1	0	1	0	0	0	0	1	0	0	0	1	0	0	0	1	0
metavizr	3	3	3	3	1	2	3	2	0	2	2	0	0	1	2	3	0	0	2	1
gendbe	1	1	1	1	0	1	0	0	0	0	1	1	1	0	1	1	0	0	1	0
mbamethyl	6	6	6	6	3	4	6	3	0	3	3	0	0	1	3	6	0	0	3	1
biojs-vis-hpafeature	1	1	1	1	0	1	0	0	0	0	1	0	0	0	1	0	0	0	1	0
prompt	1	1	1	1	0	1	0	0	0	0	1	0	0	0	1	0	0	0	0	0
the_chr_7_annot_proj	1	0	1	1	0	1	0	0	0	0	1	0	0	0	0	0	0	0	1	0
embedsom	1	1	1	1	0	0	1	0	0	0	1	0	0	0	0	1	0	0	1	1
atcoecis	1	1	1	1	0	1	0	0	0	0	1	1	1	0	1	0	0	0	1	0
isotopica	1	0	1	1	0	1	0	0	0	0	1	0	0	0	1	0	0	0	1	0
maxent-ppi	1	0	1	1	0	1	0	0	0	0	1	0	0	0	1	0	0	0	1	0
dbnsfp	1	0	1	1	0	1	0	0	0	0	1	0	0	0	1	0	0	0	1	0
gviz	8	8	8	8	5	3	8	3	0	5	3	0	0	1	3	8	0	0	3	1
bionsi	1	0	1	1	0	1	0	0	0	0	1	0	0	0	1	1	0	0	0	0
darn	1	1	1	1	0	0	0	1	0	0	1	0	0	0	1	0	0	0	0	0
mirna-dis	1	0	1	1	0	1	0	0	0	0	1	0	0	0	1	0	0	0	1	0
preseq	2	1	2	2	1	1	1	0	0	1	1	0	0	0	1	1	0	0	0	0
realphy	3	1	3	3	1	2	3	2	0	3	2	2	2	0	2	1	0	0	0	0
spectre	2	0	2	2	0	2	0	0	0	0	2	0	0	0	2	0	0	0	0	0
dali	1	0	1	1	0	1	0	0	0	0	1	0	0	0	1	0	0	0	1	0
imgt_3dstructure	1	0	1	1	0	1	0	0	0	0	1	0	0	0	1	0	0	0	1	0
scanpy	2	1	2	2	1	2	1	0	0	1	1	0	0	0	1	2	0	0	1	0
export_sbw-ip	1	1	1	1	0	1	0	0	0	0	1	0	0	0	1	0	0	0	1	0
gnu_mcsim	1	0	1	1	0	1	0	0	0	0	1	0	0	0	1	0	0	0	0	0
olicheck	1	0	1	1	0	1	0	0	0	0	1	0	0	0	0	0	0	0	0	0
cleaver	6	6	6	6	4	4	6	3	0	3	3	0	0	1	3	6	0	0	3	1
segemehl	3	2	3	3	2	2	2	1	1	2	1	1	1	1	2	1	0	0	1	0
ms	2	1	2	2	1	1	1	0	0	1	1	0	0	0	1	2	0	0	0	0
webfr3d	1	0	1	1	0	1	0	1	0	0	1	0	0	0	1	0	0	0	1	0
rnassess	1	0	1	1	0	1	0	0	0	0	1	0	0	0	1	0	0	0	1	0
forge	2	0	2	2	0	2	0	0	0	0	2	0	0	0	2	0	0	0	0	2
vectorbase	1	0	1	1	0	1	0	0	0	0	1	1	1	0	1	0	0	0	1	0
gene2drug	2	0	2	2	0	2	0	0	0	0	2	0	0	0	2	0	0	0	2	0
microbiome	4	4	4	4	3	1	4	2	0	3	2	0	0	1	2	4	0	0	2	1
ivkc-otc	1	0	1	1	0	1	0	0	0	0	1	0	0	0	1	0	0	0	1	0
topaseq	4	4	4	4	1	3	4	3	0	1	3	2	2	1	3	4	0	0	3	1
shatterproof	1	0	1	1	0	1	0	0	0	0	1	0	0	0	1	1	0	0	1	0
greylistchip	3	3	3	3	0	3	3	3	0	0	3	2	2	1	3	3	0	0	3	1
entrez_protein_clusters	1	0	1	1	0	1	0	0	0	0	1	1	1	0	1	0	0	0	1	0
etblast	1	0	1	1	0	1	0	0	0	0	0	0	0	0	0	0	0	0	0	0
rtandem	4	4	4	4	1	3	4	3	0	1	3	0	0	1	3	4	0	0	3	1
mifold	1	0	1	1	0	1	0	1	0	0	1	0	0	0	1	0	0	0	0	0
grape	1	0	1	1	0	1	0	0	0	0	0	0	0	0	0	0	0	0	0	0
zisland_explorer	1	0	1	1	0	1	0	0	0	0	1	0	0	0	1	0	0	0	0	0
getdifferentialexpression-ip	1	1	1	1	0	1	0	0	0	0	1	1	1	0	1	0	0	0	1	0
superimpose	1	0	1	1	0	1	0	0	0	0	0	0	0	0	0	0	0	0	0	0
ppipre	1	0	1	1	0	1	0	0	0	0	1	0	0	0	1	0	0	0	1	0
easeq	1	0	1	1	0	1	0	0	0	0	1	0	0	0	1	0	0	0	1	0
affymetrix_error_rate	1	1	1	1	0	0	0	0	0	0	1	0	0	0	0	0	0	0	0	0
mgenomesubtractor	1	0	1	1	0	1	0	0	0	0	1	0	0	0	1	0	0	0	1	0
hhcompare	1	0	1	1	0	1	0	0	0	0	1	0	0	0	1	0	0	0	1	0
qtl_tableminerqtm	1	0	1	1	0	1	0	0	0	0	1	0	0	0	1	1	0	0	1	0
prettyseq	2	2	2	2	0	1	1	1	1	0	1	2	2	1	2	1	0	0	1	1
sitebinder	1	1	1	1	0	1	0	0	0	0	1	1	1	0	1	0	0	0	1	0
rhdf5client	3	3	3	3	1	1	3	2	0	2	2	0	0	1	2	3	0	0	2	1
excap	1	1	1	1	0	1	0	0	0	0	1	0	0	0	1	0	0	0	0	0
pepstat	6	6	6	6	4	4	6	3	0	3	3	0	0	1	3	6	0	0	3	1
promoterwise	1	1	1	1	0	1	0	0	0	0	1	1	1	0	1	0	0	0	1	0
rvfam	1	0	1	1	0	1	0	0	0	0	1	0	0	0	1	0	0	0	0	0
scanmot	1	0	1	1	0	1	0	0	0	0	1	0	0	0	1	0	0	0	1	0
topaln	1	0	1	1	0	1	0	0	0	0	1	0	0	0	1	0	0	0	0	0
semba	1	0	1	1	0	1	0	0	0	0	1	0	0	0	1	0	0	0	0	0
libmgf	1	0	1	1	0	1	0	0	0	0	1	1	1	0	1	1	0	0	1	0
metadyn_view	1	1	1	1	0	1	1	0	0	0	1	1	1	0	1	0	0	0	1	1
asmodeler	1	0	1	1	0	1	0	0	0	0	0	0	0	0	0	0	0	0	0	0
metaphyler	2	1	2	2	1	1	1	1	0	1	1	0	0	0	1	1	0	0	1	0
networkanalys	1	0	1	1	0	1	0	1	0	0	1	0	0	0	1	0	0	0	1	0
converttranscriptfile_fastqtofasta-ip	1	1	1	1	0	1	0	0	0	0	1	1	1	0	1	0	0	0	1	0
ddi-cpi	1	0	1	1	0	1	0	0	0	0	1	0	0	0	1	0	0	0	1	0
t-coffee_api_ebi	1	1	1	1	0	1	0	0	0	0	1	0	0	0	1	0	0	0	1	0
monocle_2	1	0	1	1	0	1	1	0	0	0	1	1	1	0	1	1	0	0	1	0
ipro54-pseknc	1	0	1	1	0	1	0	0	0	0	0	0	0	0	0	0	0	0	1	0
cargo	1	0	1	1	0	1	0	0	0	0	1	0	0	0	1	0	0	0	1	0
ncbi_epigenomics	1	0	1	1	0	1	0	0	0	0	1	0	0	0	1	0	0	0	1	0
iq-tree	2	1	2	2	0	2	0	1	1	0	1	1	1	1	2	0	0	0	0	0
genescreen	1	0	1	1	0	1	0	0	0	0	1	0	0	0	1	0	0	0	0	0
phenohm	1	0	1	1	0	1	0	0	0	0	1	0	0	0	1	0	0	0	1	0
iterativebma	5	5	5	5	3	4	5	3	0	2	3	0	0	1	3	5	0	0	3	1
netbox	1	1	1	1	0	1	0	0	0	0	1	0	0	0	1	0	0	0	0	0
uninovo	1	0	1	1	0	1	1	0	0	0	0	0	0	0	0	0	0	0	1	0
pbcmc	5	5	5	5	3	4	4	3	0	2	3	0	0	1	3	5	0	0	3	1
reb	4	4	4	4	1	3	4	3	0	1	3	0	0	1	3	4	0	0	3	1
sequencevariantanalyzer	1	0	1	1	0	1	0	0	0	0	1	0	0	0	0	0	0	0	0	0
ractip	1	1	1	1	0	1	0	0	0	0	1	0	0	0	1	0	0	0	0	0
motiflab	3	3	3	3	0	3	3	0	0	0	3	0	0	0	3	0	0	0	3	3
dasty	1	1	1	1	0	1	0	0	0	0	1	0	0	0	1	0	0	0	1	0
lox	1	0	1	1	0	1	0	1	0	0	1	0	0	0	1	0	0	0	1	0
lfquant	1	0	1	1	0	1	0	0	0	0	1	0	0	0	1	0	0	0	1	0
nethet	4	4	4	4	1	3	4	3	0	1	3	0	0	1	3	4	0	0	3	1
gaga	7	7	7	7	4	5	7	3	0	4	3	0	0	1	3	7	0	0	3	1
lailaps	1	1	1	1	0	1	0	0	0	0	1	1	1	0	1	0	0	0	1	0
idba	2	1	2	2	1	2	1	0	0	1	1	0	0	0	1	1	0	0	0	0
microbial_genome_viewer	1	0	1	1	0	1	0	0	0	0	1	0	0	0	0	0	0	0	1	0
pypdb	1	0	1	1	0	1	0	0	0	0	1	0	0	0	1	0	0	0	0	0
findgeo	1	1	1	1	0	1	0	0	0	0	1	1	1	0	1	0	0	0	1	0
snp2hla	1	1	1	1	0	1	0	1	0	0	1	0	0	0	1	0	0	0	0	0
ccomp	1	0	1	1	0	1	0	0	0	0	1	0	0	0	1	0	0	0	1	0
scalce	1	0	1	1	0	1	0	0	0	0	1	0	0	0	0	0	0	0	1	0
flowcore	8	8	8	8	5	5	8	3	0	5	3	2	2	1	3	8	0	0	3	1
rankpep	1	0	1	1	0	1	0	0	0	0	1	0	0	0	1	0	0	0	1	0
motifstack	6	6	6	6	4	4	6	3	0	4	3	2	2	1	3	6	0	0	3	1
the_mendel_site	1	0	1	1	0	1	0	0	0	0	1	0	0	0	0	0	0	0	1	0
fish_sequence_search	1	1	1	1	0	1	0	0	0	0	1	1	1	0	1	0	0	0	1	0
matrixrider	4	4	4	4	1	3	4	3	0	1	3	0	0	1	3	4	0	0	3	1
pseudodomain	1	1	1	1	0	1	0	0	0	0	1	0	0	0	1	0	0	0	0	0
gsca	5	5	5	5	2	3	5	3	0	2	3	0	0	1	3	5	0	0	3	1
megx.net	1	0	1	1	0	1	0	0	0	0	1	0	0	0	1	0	0	0	1	0
spectrum_similarity	1	1	1	1	0	1	0	1	0	0	1	0	0	0	1	0	0	0	1	0
mutscreener	1	0	1	1	0	1	0	0	0	0	0	0	0	0	0	0	0	0	0	0
equaltdrl	1	0	1	1	0	1	1	0	0	1	1	0	0	0	1	0	0	0	1	0
cloudburst	1	0	1	1	0	1	0	0	0	0	1	0	0	0	1	0	0	0	1	0
oncoyeasti	1	0	1	1	0	1	0	0	0	0	0	0	0	0	0	1	0	0	0	1
bar	1	1	1	1	0	1	0	1	0	0	1	1	1	0	1	0	0	0	1	0
alter	1	0	1	1	0	1	0	1	0	0	1	0	0	0	1	0	0	0	1	0
prmepred	1	0	1	1	0	1	0	0	0	0	1	0	0	0	1	0	0	0	1	0
seqmatchall	2	2	2	2	0	1	1	1	1	0	1	2	2	1	2	1	0	0	1	1
harvester	1	0	1	1	0	1	0	0	0	0	1	0	0	0	0	0	0	0	1	0
dislocate	1	1	1	1	0	1	0	0	0	0	1	1	1	0	1	0	0	0	1	0
phesant	1	0	1	1	0	1	0	0	0	0	1	0	0	0	1	0	0	0	1	0
mid	1	1	1	1	0	0	0	1	0	0	1	0	0	0	1	0	0	0	0	0
splicesites	4	4	4	4	1	3	4	3	0	1	3	0	0	1	3	4	0	0	3	1
amber	1	0	1	1	0	1	0	0	0	0	1	0	0	0	1	0	0	0	0	0
mosaic_vaccine_designer	1	0	1	1	0	1	0	0	0	0	1	0	0	0	1	0	0	0	0	0
the_ca2_genome_database	1	0	1	1	0	1	0	0	0	0	1	0	0	0	1	0	0	0	1	0
stream	3	2	3	3	2	1	2	0	0	2	1	0	0	0	0	2	0	0	1	0
metaspades-ip	1	1	1	1	0	1	0	1	0	0	1	1	1	0	1	0	0	0	1	0
institute_of_enzymology_servers	1	0	1	1	0	1	0	0	0	0	1	0	0	0	1	0	0	0	1	0
hilbertvisgui	3	3	3	3	1	3	3	3	0	0	3	0	0	1	3	3	0	0	3	1
angsd	4	4	4	4	3	3	4	0	0	3	1	1	1	0	1	4	0	0	1	1
seqcksum	1	1	1	1	0	1	0	0	0	0	1	1	1	0	1	0	0	0	1	0
mlda	1	1	1	1	0	1	0	1	0	0	1	0	0	0	1	1	0	0	1	0
conkit	1	0	1	1	0	1	0	0	0	0	1	0	0	0	1	0	0	0	1	0
chipseeker	8	8	8	8	6	4	7	4	1	5	3	3	3	2	4	7	0	0	3	1
promex	1	0	1	1	0	1	0	0	0	0	1	1	1	0	1	0	0	0	1	0
isolde	6	6	6	6	4	5	6	3	0	3	3	0	0	1	3	6	0	0	3	1
gqtlstats	2	2	2	2	0	1	2	2	0	1	2	0	0	1	2	2	0	0	2	1
interpol	1	1	1	1	0	0	0	1	0	0	1	0	0	0	1	0	0	0	0	0
annolnc	1	0	1	1	0	1	0	0	0	0	1	0	0	0	1	0	0	0	1	0
arrayexpresshts	4	4	4	4	1	3	4	3	0	1	3	0	0	1	3	4	0	0	3	1
protein_contacts_atlas	1	0	1	1	0	1	0	0	0	0	1	1	1	0	1	0	0	0	0	0
simrna	1	1	1	1	0	1	0	1	0	0	1	0	0	0	1	0	0	0	0	0
sewal	1	0	1	1	0	1	0	0	0	0	1	0	0	0	0	0	0	0	1	0
peakcalling_macs-ip	1	1	1	1	0	1	0	0	0	0	1	1	1	0	1	0	0	0	1	0
cnvcaller	1	0	1	1	0	1	0	0	0	0	1	0	0	0	1	1	0	0	1	0
cocomaps	1	1	1	1	0	1	0	0	0	0	1	0	0	0	1	0	0	0	1	0
motifrg	7	7	7	7	5	4	7	3	0	5	3	0	0	1	3	7	0	0	3	1
transview	6	6	6	6	5	5	6	3	0	4	3	0	0	1	3	6	0	0	3	1
sabre	1	0	1	1	0	0	0	0	0	0	1	0	0	0	1	1	0	0	0	0
svdetect_bam_preprocessing_pairs-ip	1	1	1	1	0	1	0	0	0	0	1	1	1	0	1	0	0	0	1	0
biojs-vis-sequence	1	1	1	1	0	1	0	0	0	0	1	0	0	0	1	0	0	0	1	0
recount_bioconductor	2	2	2	2	1	2	2	2	0	1	2	0	0	1	2	2	0	0	2	1
fasta_rest	1	1	1	1	0	1	0	0	0	0	1	0	0	0	1	0	0	0	1	0
rosettaantibody	1	0	1	1	0	1	0	0	0	0	1	0	0	0	1	0	0	0	1	0
dissect	1	1	1	1	0	1	0	1	0	0	1	0	0	0	1	0	0	0	0	0
exocarta	1	0	1	1	0	1	0	0	0	0	1	0	0	0	0	0	0	0	1	0
restrictsequencelist-ip	1	1	1	1	0	1	0	0	0	0	1	1	1	0	1	0	0	0	1	0
gseabase	8	8	8	8	5	4	8	3	0	5	3	0	0	1	3	8	0	0	3	1
changetagname-ip	1	1	1	1	0	1	0	0	0	0	1	1	1	0	1	0	0	0	1	0
the_flux_capacitor	1	1	1	1	0	1	1	0	0	0	1	1	1	0	1	1	0	0	1	1
rephine	1	1	1	1	0	0	0	0	0	0	1	0	0	0	0	0	0	0	0	0
pepwindow	2	2	2	2	0	1	1	1	0	0	1	1	2	1	2	1	0	0	1	1
logol	2	2	2	2	1	2	1	1	1	1	2	2	2	1	2	2	0	0	2	0
conan-snv	1	0	1	1	0	1	0	0	0	0	0	0	0	0	0	0	0	0	0	0
bacarena	1	0	1	1	0	1	0	1	0	0	1	0	0	0	1	0	0	0	1	0
peakquant	1	0	1	1	0	1	0	0	0	0	1	0	0	0	1	0	0	0	1	0
rnastrand	1	1	1	1	0	1	0	0	0	0	1	1	1	0	1	0	0	0	0	0
pobo	1	0	1	1	0	1	0	0	0	0	1	0	0	0	1	0	0	0	1	0
bluues	1	1	1	1	0	1	0	0	0	0	1	0	0	0	1	0	0	0	1	0
mait	4	4	4	4	1	3	4	3	0	1	3	2	2	1	3	4	0	0	3	1
eloper	1	1	1	1	0	1	0	0	0	0	1	0	0	0	1	0	0	0	0	0
medusa	2	2	2	2	0	2	2	0	0	0	2	2	2	0	2	0	0	0	2	2
jgi_genome_portal	1	0	1	1	0	1	0	0	0	0	1	0	0	0	1	0	0	0	1	0
pespotdb	1	0	1	1	0	1	0	0	0	0	0	0	0	0	0	0	0	0	1	0
kmacs	1	0	1	1	0	1	0	0	0	0	1	0	0	0	1	0	0	0	0	0
matcher_ws_husar	1	1	1	1	0	1	0	0	0	0	0	0	0	0	1	0	0	0	1	0
tanric	1	0	1	1	0	1	0	0	0	0	1	0	0	0	1	0	0	0	1	0
embf	1	0	1	1	0	1	0	0	0	0	0	0	0	0	0	0	0	0	0	0
lever	1	0	1	1	0	1	0	0	0	0	1	0	0	0	1	0	0	0	1	0
bbmri-portal	1	0	1	1	0	1	0	0	0	0	1	0	0	0	1	0	0	0	1	0
qdb	1	1	1	1	0	1	0	0	0	0	1	1	1	0	1	0	0	0	1	0
pubmeth	1	0	1	1	0	1	0	0	0	0	1	1	1	0	1	0	0	0	1	0
abiview	1	1	1	1	0	1	1	0	0	0	1	1	1	0	1	1	0	0	1	1
goa	1	0	1	1	0	1	0	1	0	0	1	0	0	0	1	0	0	0	1	0
gadem	2	1	2	2	1	1	1	0	0	1	1	0	0	0	1	1	0	0	1	0
pycellerator	1	0	1	1	0	1	0	0	0	0	1	0	0	0	1	0	0	0	0	0
htscluster	1	0	1	1	0	1	0	0	0	0	1	0	0	0	1	0	0	0	1	0
frida	1	1	1	1	0	1	0	0	0	0	1	0	0	0	0	0	0	0	1	0
metitree	1	0	1	1	0	1	0	0	0	0	1	0	0	0	1	1	0	0	1	0
plantmetabolomics	1	0	1	1	0	1	0	0	0	0	1	0	0	0	0	0	0	0	1	0
tppred2	1	0	1	1	0	1	0	0	0	0	1	0	0	0	1	0	0	0	1	0
metaphors	3	3	3	3	1	3	3	0	0	1	2	0	0	0	0	1	0	0	2	0
naps	1	0	1	1	0	1	0	0	0	0	0	0	0	0	0	0	0	0	0	0
metabolic_network_sgl	1	0	1	1	0	1	0	0	0	0	1	0	0	0	1	0	0	0	1	0
spang	1	0	1	1	0	1	0	0	0	0	1	0	0	0	1	1	0	0	1	0
imetagene	3	3	3	3	0	3	3	3	0	0	3	2	2	1	3	3	0	0	3	1
pi	3	3	3	3	1	3	3	3	0	0	3	0	0	1	3	3	0	0	3	1
ibis	1	0	1	1	0	1	0	1	0	0	1	0	0	0	1	0	0	0	1	0
flowfp	7	7	7	7	5	5	7	3	0	5	3	2	2	1	3	7	0	0	3	1
ronn	1	1	1	1	0	1	0	0	0	0	1	0	0	0	1	0	0	0	1	0
svapls	1	0	1	1	0	1	0	0	0	0	1	0	0	0	1	0	0	0	1	0
bankit	1	0	1	1	0	1	0	0	0	0	1	0	0	0	1	0	0	0	1	0
mercator	1	1	1	1	0	1	0	0	0	0	1	0	0	0	0	0	0	0	0	0
snpinfo	1	0	1	1	0	1	0	0	0	0	1	0	0	0	1	0	0	0	1	0
chainy	1	0	1	1	0	1	0	0	0	0	1	0	0	0	1	0	0	0	1	0
database_manager	1	0	1	1	0	0	0	0	0	0	1	1	1	0	1	0	0	0	0	0
feattext	1	1	1	1	0	1	1	0	0	0	1	1	1	0	1	1	0	0	1	1
molloc	1	0	1	1	0	1	0	0	0	0	0	0	0	0	0	0	0	0	0	0
thermo_msf_parser	1	1	1	1	0	1	0	0	0	0	1	1	1	0	1	0	0	0	1	0
pirnapre	1	0	1	1	0	1	0	0	0	0	1	0	0	0	1	0	0	0	0	0
profit	1	1	1	1	0	1	1	0	0	0	1	1	1	0	1	1	0	0	1	1
rcorrector	2	1	2	2	1	1	1	0	0	1	1	0	0	0	1	1	0	0	0	0
homolosampler	1	1	1	1	0	0	0	0	0	0	1	0	0	0	1	0	0	0	1	0
